236 1922 1
1453 1950 1
830 70 1
1993 414 1
1956 1469 1
1115 222 1
563 1084 1
1759 156 1
782 737 1
575 400 1
1070 488 1
807 1093 1
1746 204 1
1999 141 1
1861 885 1
276 1163 1
24 148 1
1316 624 1
1456 676 1
1886 174 1
122 687 1
16 1357 1
1956 1818 1
261 554 1
1639 1325 1
673 1728 1
1886 960 1
1819 142 1
1638 1830 1
1662 1728 1
1491 1026 1
505 1243 1
802 1110 1
1307 847 1
1648 1830 1
155 1616 1
57 1363 1
678 1033 1
1587 1101 1
1069 1026 1
100 1535 1
1112 1087 1
1175 619 1
907 1991 1
822 1407 1
1748 943 1
1683 1704 1
687 1279 1
789 861 1
99 1107 1
1157 1817 1
217 1861 1
1924 1420 1
828 1850 1
245 1810 1
837 1300 1
1076 1817 1
191 1371 1
538 1552 1
1476 1358 1
525 145 1
1895 1338 1
1738 428 1
1498 1908 1
1359 1834 1
1428 1313 1
295 1573 1
221 1932 1
1874 1538 1
994 1990 1
668 1016 1
1733 1352 1
875 133 1
625 10 1
1620 392 1
1451 1907 1
1482 1397 1
260 656 1
544 27 1
1572 774 1
247 136 1
1897 1154 1
1800 1377 1
448 1016 1
1097 1746 1
582 1999 1
377 1157 1
1097 334 1
39 1362 1
463 500 1
1298 592 1
157 334 1
381 500 1
1265 80 1
1052 1674 1
514 304 1
369 1702 1
125 542 1
861 443 1
249 47 1
1928 1608 1
1232 602 1
361 1060 1
1949 715 1
1427 446 1
1103 1193 1
1387 338 1
1218 1859 1
986 695 1
1513 913 1
1873 456 1
1400 945 1
1562 166 1
654 902 1
105 853 1
299 1526 1
1258 1289 1
543 996 1
341 300 1
528 1139 1
426 1168 1
985 827 1
1043 22 1
74 631 1
296 193 1
153 5 1
1668 201 1
1752 1016 1
324 1832 1
1157 1092 1
1817 1431 1
1871 1682 1
183 1481 1
191 1745 1
163 642 1
1713 985 1
876 685 1
644 1796 1
478 1713 1
700 308 1
1987 643 1
1171 1391 1
63 1635 1
570 957 1
1243 1974 1
732 810 1
1824 1134 1
521 488 1
1382 1607 1
1748 964 1
1916 1033 1
1845 1486 1
1164 409 1
357 1921 1
189 77 1
1512 148 1
879 98 1
1469 1521 1
876 1258 1
1564 1363 1
942 923 1
1738 884 1
784 637 1
698 169 1
612 922 1
707 1519 1
1974 1102 1
148 1678 1
510 1798 1
413 1902 1
1008 429 1
1474 1372 1
1738 1605 1
1261 1744 1
1084 504 1
1517 345 1
156 680 1
572 365 1
855 957 1
296 360 1
1702 774 1
710 652 1
1038 210 1
1176 736 1
102 1568 1
583 1260 1
1187 180 1
1638 1360 1
1764 1493 1
1357 1232 1
293 1763 1
12 1191 1
257 322 1
365 1531 1
705 248 1
1533 907 1
1081 1867 1
1822 424 1
219 90 1
1673 915 1
1656 1236 1
1442 1265 1
714 428 1
1605 1163 1
463 1995 1
1642 711 1
1694 1761 1
1139 201 1
1192 1238 1
1521 1288 1
891 798 1
333 1650 1
1751 1897 1
1816 1005 1
1300 476 1
1430 1665 1
583 1784 1
363 1270 1
1519 32 1
241 1501 1
232 275 1
550 137 1
283 321 1
1551 844 1
1498 1904 1
39 135 1
543 266 1
1265 1981 1
1092 1850 1
329 928 1
1958 140 1
1204 519 1
1405 1972 1
682 885 1
764 46 1
391 419 1
496 372 1
1758 850 1
334 620 1
1834 1345 1
1544 1255 1
1785 1789 1
1428 1140 1
1859 1470 1
1065 1576 1
1638 1483 1
1894 426 1
925 31 1
490 1376 1
973 1579 1
425 1965 1
1829 504 1
1236 117 1
366 48 1
1099 1945 1
1855 236 1
516 515 1
998 249 1
1629 1139 1
828 1563 1
1762 616 1
1754 280 1
968 1224 1
1265 475 1
961 1167 1
168 77 1
167 1227 1
741 663 1
359 759 1
1794 900 1
801 393 1
809 948 1
797 1279 1
39 1239 1
1853 1541 1
1573 1804 1
928 1944 1
1281 1243 1
432 1889 1
1942 1836 1
1273 1688 1
370 530 1
1043 112 1
1809 1693 1
541 1880 1
1154 1619 1
665 1031 1
1584 1709 1
1961 1039 1
65 1076 1
1504 1406 1
986 724 1
1007 1307 1
1822 510 1
779 759 1
1565 1708 1
76 1135 1
269 239 1
103 693 1
524 951 1
893 1839 1
662 538 1
886 310 1
962 730 1
939 789 1
1454 1168 1
9 969 1
629 1067 1
905 1813 1
1863 1251 1
1409 1641 1
1440 542 1
704 1174 1
1915 1111 1
1360 764 1
51 1606 1
1029 617 1
295 1295 1
302 911 1
1488 628 1
1089 494 1
926 1425 1
1870 470 1
490 1911 1
9 51 1
367 1046 1
53 561 1
872 34 1
1461 1240 1
1159 322 1
1764 447 1
1816 450 1
658 526 1
633 1468 1
238 1411 1
1767 1641 1
208 1063 1
1409 1537 1
948 52 1
1841 539 1
908 953 1
1785 543 1
174 1347 1
1440 1691 1
1997 229 1
78 1542 1
216 665 1
1879 1292 1
383 411 1
1444 1900 1
95 701 1
542 1347 1
355 1097 1
394 749 1
1495 432 1
326 80 1
932 1232 1
1950 738 1
337 1336 1
674 660 1
1193 571 1
1604 1556 1
445 1978 1
25 1072 1
1246 202 1
69 461 1
751 200 1
1276 1046 1
414 124 1
1510 1864 1
1658 1639 1
952 1811 1
1397 1897 1
1217 440 1
1309 1435 1
1482 542 1
967 909 1
380 515 1
566 833 1
700 1053 1
872 1280 1
1403 1525 1
547 1280 1
1899 852 1
95 1318 1
167 1215 1
855 1784 1
455 653 1
1737 1913 1
846 374 1
1780 877 1
600 1776 1
150 296 1
787 4 1
1360 674 1
362 880 1
932 1410 1
515 696 1
1009 1633 1
537 60 1
537 1790 1
349 940 1
1977 1206 1
1024 1159 1
982 804 1
920 1639 1
1557 65 1
1022 812 1
926 606 1
704 1316 1
243 956 1
1822 1114 1
9 1056 1
173 1702 1
381 1331 1
790 1833 1
1461 721 1
1685 1154 1
989 1899 1
929 1521 1
41 1976 1
795 1706 1
1234 619 1
343 114 1
688 245 1
1495 733 1
846 1727 1
404 1432 1
1479 1471 1
808 1862 1
56 1425 1
1221 823 1
309 1064 1
112 1600 1
542 487 1
21 742 1
266 1732 1
1188 507 1
1628 1288 1
1898 1998 1
659 1818 1
275 1731 1
876 1042 1
1856 746 1
1937 982 1
561 1086 1
1210 1188 1
1663 909 1
5 1925 1
1600 964 1
738 392 1
1978 1397 1
1450 1189 1
355 707 1
285 1616 1
476 1795 1
1446 782 1
640 1209 1
1153 1535 1
1760 1409 1
1154 1903 1
1403 515 1
349 1065 1
554 592 1
1633 1456 1
1666 28 1
157 1438 1
1136 590 1
854 1202 1
667 1800 1
438 182 1
667 975 1
553 495 1
306 117 1
1486 1456 1
500 1665 1
500 665 1
1903 25 1
745 161 1
1217 681 1
1503 511 1
316 1715 1
1550 1024 1
371 1241 1
1803 351 1
600 1995 1
656 352 1
1789 775 1
1430 323 1
129 588 1
170 1825 1
1576 1017 1
119 94 1
1394 45 1
1871 342 1
1967 478 1
488 1261 1
425 750 1
789 798 1
404 1376 1
211 859 1
458 1959 1
1486 1525 1
538 1953 1
1183 613 1
1432 273 1
1673 1077 1
856 1504 1
1988 435 1
1607 57 1
1277 555 1
1231 841 1
72 576 1
1455 1234 1
593 1469 1
1549 814 1
211 306 1
333 261 1
1609 1167 1
17 1590 1
1926 1576 1
1069 1482 1
1475 1382 1
711 206 1
849 1649 1
953 246 1
860 447 1
1344 374 1
952 1956 1
186 6 1
1102 1440 1
906 444 1
1898 663 1
1110 1545 1
1081 1662 1
653 1759 1
155 949 1
1649 609 1
1848 1900 1
1202 20 1
1040 1308 1
684 742 1
1868 1852 1
977 1151 1
1966 251 1
262 48 1
1111 139 1
401 1370 1
1111 1779 1
587 242 1
1141 1651 1
1066 525 1
1036 1651 1
1370 1132 1
1367 1697 1
770 1071 1
756 1663 1
1610 767 1
1599 411 1
1715 1435 1
466 1823 1
1605 216 1
1815 978 1
1594 1654 1
1851 1735 1
73 716 1
173 643 1
1065 1113 1
345 395 1
292 1399 1
193 643 1
1837 806 1
1254 477 1
423 880 1
1106 1666 1
1178 390 1
1458 573 1
125 775 1
947 54 1
793 1774 1
619 130 1
586 724 1
560 1363 1
1582 426 1
1503 401 1
1108 1441 1
700 1793 1
368 1319 1
568 1339 1
1703 183 1
1103 1099 1
591 1320 1
982 1736 1
125 1604 1
1475 1055 1
979 1991 1
901 464 1
1166 708 1
895 154 1
121 1083 1
110 1133 1
741 1617 1
1368 1876 1
342 1876 1
733 1711 1
1186 1867 1
392 1059 1
1760 1559 1
801 100 1
131 420 1
746 123 1
1923 1622 1
1016 1124 1
1544 1785 1
1185 190 1
1999 741 1
886 1182 1
140 1345 1
14 1840 1
1312 1518 1
1714 1611 1
328 916 1
174 407 1
783 1411 1
1480 41 1
23 91 1
1044 1183 1
125 192 1
617 499 1
1504 789 1
1203 667 1
1509 376 1
846 679 1
1645 1974 1
389 1717 1
217 1220 1
1115 793 1
1415 1543 1
1180 636 1
1255 917 1
895 542 1
914 1935 1
1755 82 1
1758 1693 1
36 1415 1
807 535 1
1451 1594 1
1833 416 1
913 1645 1
72 1961 1
639 1454 1
1799 1627 1
3 699 1
1881 1132 1
945 646 1
586 1468 1
554 1974 1
914 1614 1
955 1817 1
1607 1318 1
1606 868 1
1928 1052 1
298 1269 1
1296 518 1
562 1855 1
1072 1983 1
1350 1934 1
1855 1168 1
767 712 1
866 386 1
1363 171 1
1784 764 1
1045 381 1
1552 841 1
373 1403 1
808 1614 1
1605 948 1
808 360 1
899 210 1
419 275 1
1309 465 1
883 1742 1
755 334 1
1345 498 1
474 470 1
1606 1105 1
907 1087 1
16 1228 1
686 1911 1
1468 307 1
1043 410 1
806 1771 1
1888 935 1
181 1185 1
1224 734 1
639 1043 1
1508 1084 1
741 107 1
538 1367 1
1493 1035 1
47 1820 1
1878 1018 1
1338 145 1
1826 1955 1
646 177 1
722 488 1
1761 1949 1
120 1019 1
1223 612 1
1377 1977 1
179 273 1
1204 179 1
1042 868 1
1470 59 1
1434 1806 1
60 1089 1
644 1934 1
824 1735 1
59 764 1
1098 1541 1
1662 319 1
728 712 1
1967 894 1
1388 1820 1
1543 1688 1
941 1738 1
1339 1273 1
1304 976 1
516 379 1
126 1678 1
1066 1273 1
589 849 1
25 787 1
588 228 1
1763 1199 1
684 1141 1
399 1115 1
1591 467 1
1230 1399 1
1020 1889 1
1709 1725 1
1132 1670 1
1670 1422 1
1891 292 1
1951 891 1
1828 1912 1
171 25 1
148 1048 1
866 1640 1
1828 509 1
701 1175 1
1062 671 1
604 73 1
93 126 1
1012 1287 1
1047 64 1
731 1929 1
1433 571 1
1218 647 1
708 987 1
300 1533 1
655 613 1
1012 1095 1
1001 18 1
1436 1469 1
281 1323 1
515 1704 1
1732 83 1
343 1854 1
1927 1105 1
831 1940 1
391 473 1
1067 697 1
275 683 1
1905 1472 1
1801 512 1
1211 1014 1
160 533 1
896 961 1
1552 727 1
70 1749 1
1656 666 1
580 874 1
545 1364 1
1137 828 1
1686 1044 1
30 1862 1
570 1556 1
401 649 1
337 787 1
1164 921 1
1479 539 1
1544 1845 1
1577 429 1
386 396 1
964 303 1
1766 1233 1
1944 1020 1
1026 642 1
345 255 1
453 1338 1
262 1807 1
64 1965 1
148 866 1
885 1639 1
635 1859 1
1328 48 1
1950 1805 1
1913 585 1
1693 556 1
1831 341 1
113 1688 1
196 720 1
1032 1987 1
1979 625 1
1494 1742 1
1015 1414 1
1960 1554 1
797 391 1
887 284 1
950 804 1
1096 1160 1
224 1192 1
1132 1859 1
1217 1467 1
586 775 1
1833 1040 1
1275 1784 1
845 1572 1
794 51 1
1688 251 1
1448 700 1
400 1856 1
9 1134 1
969 200 1
1513 988 1
1910 136 1
1938 1322 1
964 1365 1
1463 800 1
325 1768 1
236 672 1
368 425 1
792 151 1
941 748 1
717 28 1
758 1395 1
125 745 1
492 1512 1
1908 1640 1
1897 324 1
1148 239 1
1367 1267 1
728 1807 1
873 1174 1
1723 362 1
1041 761 1
485 48 1
480 566 1
1279 1922 1
1364 1167 1
155 512 1
1518 1764 1
1535 358 1
1411 1197 1
700 245 1
1747 1060 1
1335 1002 1
734 1204 1
975 14 1
1399 1963 1
622 715 1
730 196 1
1455 1239 1
203 1123 1
1564 1711 1
9 524 1
1900 748 1
351 1278 1
1589 1749 1
832 1318 1
1683 1731 1
1088 1407 1
522 1712 1
604 1394 1
163 1617 1
78 795 1
457 1706 1
978 1581 1
1333 794 1
296 1443 1
121 359 1
766 172 1
1816 1093 1
1993 1192 1
125 1415 1
299 1166 1
392 665 1
1559 747 1
1913 179 1
122 1453 1
1983 1268 1
1784 486 1
1673 1352 1
1868 566 1
1697 1606 1
519 862 1
1678 279 1
778 1266 1
276 307 1
839 1245 1
581 954 1
414 123 1
598 404 1
731 1485 1
1223 556 1
1701 149 1
1295 729 1
867 1887 1
1031 136 1
1157 916 1
441 588 1
238 670 1
888 1834 1
395 1860 1
1793 1727 1
1884 622 1
1127 444 1
875 90 1
82 1600 1
183 85 1
1450 339 1
750 1069 1
1462 442 1
1539 858 1
1595 730 1
865 926 1
1733 1441 1
397 222 1
843 176 1
1649 961 1
561 755 1
706 1361 1
1111 499 1
829 1802 1
740 922 1
1198 12 1
545 217 1
835 836 1
563 614 1
1536 1000 1
733 1276 1
178 165 1
374 224 1
874 832 1
921 1652 1
451 1455 1
322 549 1
785 1869 1
1750 1260 1
1292 570 1
326 780 1
837 1010 1
1125 1219 1
1811 1408 1
1462 1972 1
1066 1116 1
922 1567 1
957 1562 1
514 711 1
336 494 1
1494 1203 1
482 1323 1
234 1007 1
670 1963 1
967 1163 1
915 1685 1
112 217 1
1646 787 1
869 118 1
1103 1354 1
1590 1697 1
1763 310 1
892 1499 1
931 1900 1
1648 625 1
192 805 1
1383 149 1
1412 1582 1
947 1948 1
750 1817 1
1566 1668 1
1602 1504 1
738 348 1
1381 1318 1
1914 1664 1
1775 837 1
601 1047 1
1620 1962 1
459 725 1
