3 1
4 1
5 1
6 1
9 1
10 2
12 2
14 1
16 1
17 1
18 2
20 2
21 2
22 1
23 2
24 1
25 1
27 1
28 2
30 2
31 1
32 2
34 1
36 2
39 1
41 1
45 2
46 1
47 1
48 1
51 2
52 1
53 2
54 2
56 1
57 2
59 1
60 1
63 1
64 2
65 1
69 2
70 2
72 2
73 2
74 2
76 2
77 1
78 1
80 2
82 2
83 2
85 2
90 1
91 2
93 2
94 2
95 2
98 1
99 2
100 2
102 1
103 2
105 1
107 1
110 1
112 2
113 2
114 1
117 2
118 2
119 1
120 1
121 1
122 1
123 1
124 2
125 2
126 1
129 2
130 1
131 2
133 2
135 1
136 1
137 1
139 2
140 2
141 2
142 2
145 2
148 2
149 1
150 2
151 2
153 2
154 1
155 2
156 1
157 1
160 1
161 2
163 2
165 1
166 2
167 1
168 1
169 1
170 2
171 2
172 2
173 2
174 1
176 2
177 2
178 1
179 1
180 2
181 1
182 1
183 2
186 2
189 2
190 2
191 2
192 1
193 1
196 2
200 1
201 1
202 2
203 1
204 1
206 2
208 1
210 1
211 2
216 1
217 2
219 1
221 1
222 2
224 1
228 2
229 1
232 1
234 1
236 2
238 1
239 2
241 1
242 2
243 2
245 2
246 1
247 1
248 2
249 1
251 1
255 1
257 1
260 1
261 2
262 2
266 1
269 2
273 1
275 1
276 1
279 1
280 2
281 1
283 2
284 1
285 1
292 1
293 1
295 1
296 1
298 2
299 2
300 2
302 1
303 2
304 2
306 2
307 1
308 2
309 1
310 1
316 2
319 1
321 1
322 1
323 2
324 2
325 2
326 2
328 1
329 1
333 1
334 1
336 1
337 1
338 2
339 2
341 1
342 2
343 2
345 2
348 2
349 2
351 1
352 2
355 2
357 1
358 1
359 2
360 2
361 2
362 2
363 1
365 2
366 1
367 2
368 1
369 1
370 2
371 1
372 1
373 1
374 2
376 2
377 2
379 1
380 2
381 1
383 2
386 2
389 1
390 2
391 1
392 2
393 1
394 1
395 1
396 2
397 1
399 1
400 2
401 2
404 1
407 1
409 2
410 1
411 1
413 1
414 2
416 1
419 2
420 1
423 1
424 2
425 2
426 2
428 1
429 2
432 1
435 2
438 2
440 2
441 1
442 2
443 2
444 1
445 1
446 1
447 2
448 1
450 1
451 2
453 1
455 2
456 1
457 2
458 1
459 1
461 1
463 1
464 1
465 2
466 1
467 2
470 2
473 1
474 2
475 1
476 2
477 2
478 1
480 2
482 2
485 1
486 1
487 1
488 2
490 2
492 1
494 1
495 2
496 2
498 2
499 1
500 1
504 1
505 1
507 2
509 2
510 1
511 2
512 1
514 2
515 2
516 2
518 2
519 2
521 1
522 1
524 1
525 1
526 2
528 2
530 2
533 1
535 1
537 2
538 2
539 1
541 1
542 2
543 2
544 2
545 1
547 2
549 2
550 1
553 1
554 2
555 2
556 1
560 2
561 1
562 2
563 2
566 1
568 2
570 2
571 2
572 1
573 2
575 2
576 2
580 1
581 2
582 1
583 1
585 2
586 1
587 1
588 2
589 2
590 2
591 1
592 1
593 2
598 2
600 2
601 1
602 2
604 2
606 1
609 1
612 1
613 1
614 2
616 2
617 1
619 1
620 1
622 1
624 1
625 1
628 2
629 1
631 2
633 2
635 1
636 1
637 1
639 2
640 2
642 1
643 2
644 1
646 1
647 1
649 2
652 2
653 2
654 2
655 1
656 2
658 2
659 1
660 2
662 1
663 1
665 1
666 2
667 1
668 1
670 1
671 2
672 1
673 1
674 1
676 2
678 2
679 1
680 2
681 2
682 2
683 1
684 1
685 2
686 2
687 2
688 1
693 2
695 2
696 2
697 1
698 1
699 2
700 1
701 1
704 1
705 2
706 2
707 2
708 2
710 1
711 1
712 2
714 2
715 1
716 1
717 1
720 1
721 2
722 2
724 1
725 2
727 1
728 2
729 1
730 1
731 2
732 1
733 2
734 2
736 2
737 2
738 2
740 1
741 2
742 1
745 1
746 1
747 1
748 2
749 1
750 1
751 2
755 2
756 1
758 1
759 1
761 2
764 1
766 1
767 1
770 1
774 1
775 2
778 1
779 2
780 2
782 2
783 1
784 2
785 2
787 2
789 2
790 1
792 2
793 2
794 2
795 1
797 1
798 1
800 2
801 1
802 2
804 2
805 2
806 2
807 1
808 2
809 1
810 2
812 2
814 2
822 1
823 2
824 1
827 1
828 2
829 1
830 1
831 2
832 1
833 2
835 2
836 2
837 1
839 1
841 1
843 1
844 1
845 1
846 2
847 2
849 2
850 2
852 1
853 2
854 1
855 2
856 1
858 2
859 2
860 1
861 2
862 2
865 2
866 2
867 1
868 1
869 1
872 1
873 2
874 1
875 1
876 2
877 1
879 1
880 1
883 2
884 1
885 2
886 1
887 2
888 2
891 2
892 2
893 1
894 2
895 1
896 2
899 2
900 1
901 1
902 2
905 1
906 1
907 1
908 1
909 1
911 2
913 2
914 1
915 2
916 1
917 2
920 1
921 1
922 1
923 2
925 2
926 1
928 2
929 1
931 1
932 2
935 2
939 1
940 1
941 2
942 2
943 1
945 1
947 1
948 1
949 2
950 2
951 1
952 2
953 1
954 2
955 1
956 1
957 1
960 1
961 2
962 2
964 2
967 1
968 1
969 1
973 2
975 2
976 2
977 2
978 2
979 2
982 1
985 1
986 2
987 1
988 2
989 2
994 2
996 2
998 2
1000 2
1001 2
1002 1
1005 1
1007 1
1008 2
1009 1
1010 2
1012 2
1014 1
1015 2
1016 2
1017 2
1018 1
1019 1
1020 1
1022 2
1024 1
1026 2
1029 2
1031 1
1032 2
1033 1
1035 2
1036 2
1038 2
1039 1
1040 2
1041 2
1042 1
1043 1
1044 2
1045 2
1046 1
1047 1
1048 2
1052 1
1053 1
1055 1
1056 2
1059 1
1060 1
1062 2
1063 2
1064 2
1065 1
1066 1
1067 2
1069 1
1070 2
1071 1
1072 2
1076 1
1077 2
1081 1
1083 1
1084 2
1086 2
1087 1
1088 2
1089 2
1092 2
1093 2
1095 1
1096 1
1097 1
1098 1
1099 1
1101 1
1102 2
1103 2
1105 2
1106 1
1107 2
1108 2
1110 1
1111 2
1112 1
1113 2
1114 1
1115 2
1116 1
1123 1
1124 2
1125 1
1127 1
1132 2
1133 2
1134 2
1135 1
1136 1
1137 1
1139 2
1140 1
1141 1
1148 2
1151 2
1153 1
1154 1
1157 1
1159 1
1160 2
1163 1
1164 2
1166 2
1167 1
1168 2
1171 2
1174 2
1175 1
1176 2
1178 2
1180 1
1182 2
1183 2
1185 2
1186 1
1187 1
1188 2
1189 2
1191 1
1192 2
1193 1
1197 2
1198 2
1199 2
1202 1
1203 2
1204 1
1206 1
1209 2
1210 1
1211 2
1215 2
1217 2
1218 1
1219 1
1220 2
1221 1
1223 2
1224 1
1227 1
1228 2
1230 1
1231 1
1232 2
1233 1
1234 1
1236 1
1238 1
1239 2
1240 1
1241 1
1243 1
1245 1
1246 1
1251 1
1254 2
1255 1
1258 2
1260 2
1261 2
1265 1
1266 1
1267 1
1268 1
1269 2
1270 2
1273 1
1275 2
1276 2
1277 2
1278 1
1279 1
1280 1
1281 1
1287 1
1288 2
1289 2
1292 1
1295 2
1296 2
1298 2
1300 2
1304 1
1307 2
1308 1
1309 1
1312 2
1313 2
1316 1
1318 2
1319 2
1320 2
1322 1
1323 2
1325 2
1328 1
1331 1
1333 1
1335 1
1336 2
1338 2
1339 2
1344 1
1345 2
1347 2
1350 2
1352 1
1354 2
1357 1
1358 1
1359 1
1360 2
1361 2
1362 2
1363 1
1364 1
1365 1
1367 2
1368 1
1370 2
1371 2
1372 1
1376 1
1377 2
1381 2
1382 2
1383 1
1387 2
1388 1
1391 2
1394 2
1395 1
1397 1
1399 2
1400 2
1403 2
1405 2
1406 1
1407 1
1408 2
1409 2
1410 1
1411 1
1412 1
1414 1
1415 1
1420 2
1422 2
1425 2
1427 2
1428 1
1430 2
1431 2
1432 2
1433 1
1434 1
1435 2
1436 2
1438 1
1440 1
1441 1
1442 2
1443 1
1444 1
1446 1
1448 1
1450 1
1451 2
1453 1
1454 1
1455 2
1456 1
1458 1
1461 2
1462 2
1463 1
1467 2
1468 1
1469 2
1470 1
1471 1
1472 2
1474 2
1475 1
1476 1
1479 1
1480 2
1481 1
1482 2
1483 2
1485 2
1486 1
1488 2
1491 1
1493 1
1494 2
1495 2
1498 2
1499 1
1501 1
1503 1
1504 1
1508 2
1509 1
1510 1
1512 1
1513 1
1517 1
1518 2
1519 1
1521 1
1525 2
1526 1
1531 1
1533 2
1535 2
1536 2
1537 2
1538 1
1539 1
1541 2
1542 2
1543 2
1544 1
1545 2
1549 2
1550 2
1551 1
1552 1
1554 1
1556 1
1557 2
1559 2
1562 1
1563 1
1564 2
1565 2
1566 1
1567 2
1568 1
1572 2
1573 2
1576 2
1577 2
1579 2
1581 2
1582 2
1584 2
1587 1
1589 2
1590 2
1591 2
1594 2
1595 1
1599 2
1600 1
1602 2
1604 2
1605 1
1606 2
1607 2
1608 2
1609 2
1610 2
1611 2
1614 2
1616 2
1617 1
1619 2
1620 1
1622 1
1627 1
1628 1
1629 1
1633 1
1635 1
1638 1
1639 1
1640 1
1641 1
1642 2
1645 2
1646 2
1648 2
1649 2
1650 1
1651 2
1652 2
1654 2
1656 1
1658 1
1662 1
1663 1
1664 1
1665 2
1666 1
1668 1
1670 1
1673 2
1674 2
1678 1
1682 2
1683 2
1685 2
1686 1
1688 2
1691 2
1693 2
1694 1
1697 1
1701 2
1702 1
1703 1
1704 1
1706 1
1708 2
1709 2
1711 1
1712 1
1713 2
1714 2
1715 1
1717 2
1723 2
1725 2
1727 1
1728 2
1731 2
1732 2
1733 2
1735 1
1736 2
1737 2
1738 2
1742 2
1744 2
1745 2
1746 2
1747 2
1748 1
1749 2
1750 1
1751 1
1752 1
1754 2
1755 2
1758 1
1759 2
1760 1
1761 2
1762 2
1763 1
1764 1
1766 1
1767 1
1768 1
1771 2
1774 2
1775 1
1776 1
1779 1
1780 2
1784 1
1785 2
1789 2
1790 1
1793 2
1794 1
1795 2
1796 2
1798 1
1799 1
1800 1
1801 2
1802 2
1803 1
1804 2
1805 1
1806 1
1807 2
1809 1
1810 2
1811 2
1813 2
1815 1
1816 1
1817 1
1818 1
1819 2
1820 2
1822 1
1823 1
1824 2
1825 2
1826 2
1828 2
1829 1
1830 2
1831 1
1832 2
1833 1
1834 2
1836 1
1837 1
1839 2
1840 1
1841 2
1845 1
1848 2
1850 1
1851 1
1852 1
1853 2
1854 2
1855 2
1856 2
1859 1
1860 1
1861 2
1862 1
1863 2
1864 2
1867 1
1868 1
1869 1
1870 1
1871 1
1873 2
1874 1
1876 1
1878 2
1879 2
1880 2
1881 1
1884 2
1886 2
1887 1
1888 2
1889 1
1891 2
1894 1
1895 1
1897 2
1898 1
1899 1
1900 1
1902 1
1903 2
1904 2
1905 2
1907 2
1908 1
1910 2
1911 2
1912 1
1913 1
1914 1
1915 1
1916 2
1921 2
1922 2
1923 2
1924 1
1925 1
1926 2
1927 2
1928 2
1929 2
1932 1
1934 2
1935 2
1937 2
1938 2
1940 1
1942 1
1944 2
1945 2
1948 1
1949 1
1950 1
1951 2
1953 1
1955 1
1956 2
1958 1
1959 2
1960 1
1961 1
1962 1
1963 1
1965 2
1966 1
1967 1
1972 2
1974 1
1976 2
1977 2
1978 1
1979 2
1981 2
1983 1
1987 2
1988 1
1990 2
1991 1
1993 2
1995 2
1997 1
1998 2
1999 2
