0 6 5 3 4 1 7 2 4 4 7
1 4 2 5 0 5 9 5 3 5 8
2 5 5 1 5 3 0 5 4 2 1
3 0 1 8 6 8 7 4 4 8 6
4 5 9 6 9 9 0 1 5 1 7
5 5 0 4 6 9 3 1 6 7 1
6 6 8 8 4 3 4 3 7 9 6
7 2 8 9 5 7 8 6 9 9 5
8 2 3 0 4 7 0 2 9 5 5
9 1 0 6 7 7 5 7 5 6 2
10 3 3 5 8 8 5 2 7 9 6
11 8 9 8 0 5 1 6 7 6 6
12 3 1 7 6 9 8 1 3 1 2
13 0 0 5 5 0 0 0 6 8 7
14 8 3 3 3 1 3 6 7 6 4
15 9 1 9 3 2 1 4 2 8 6
16 9 9 4 9 8 9 1 8 6 1
17 0 9 6 9 6 3 6 7 8 4
18 1 5 6 4 8 8 5 5 6 4
19 4 6 0 5 8 9 1 9 0 4
20 1 8 7 4 3 3 7 4 9 6
21 8 1 3 0 7 5 2 7 4 5
22 3 0 0 3 9 0 6 0 0 2
23 8 3 2 9 6 8 5 1 7 7
24 1 5 9 0 8 1 8 6 1 3
25 4 7 4 7 2 8 1 0 5 4
26 7 6 8 4 1 6 3 8 6 6
27 6 1 4 9 1 8 1 7 1 2
28 9 9 2 1 3 8 8 0 7 4
29 3 5 2 9 6 3 6 6 8 8
30 6 3 4 2 7 1 7 2 7 8
31 6 2 5 8 1 9 5 5 4 4
32 2 3 8 9 9 2 3 8 5 1
33 3 8 7 6 2 0 4 4 6 5
34 1 0 8 1 8 8 5 1 0 1
35 3 1 4 0 2 7 6 6 0 5
36 5 9 6 6 4 4 1 5 1 3
37 5 7 6 8 1 9 6 3 6 3
38 2 7 4 0 6 3 2 4 5 6
39 5 0 1 7 2 8 0 5 6 7
40 2 7 6 0 2 8 9 4 2 8
41 5 4 6 0 1 9 2 0 3 8
42 9 9 3 6 7 6 4 3 2 6
43 8 5 7 8 6 8 0 6 3 8
44 3 8 9 3 8 2 3 8 3 8
45 2 6 3 3 0 1 9 7 2 8
46 5 6 7 5 3 2 5 8 8 3
47 6 7 6 3 4 7 3 9 4 1
48 1 8 3 3 4 1 5 3 2 8
49 1 3 2 6 5 2 0 7 5 4
50 4 0 4 4 4 6 6 0 2 2
51 3 8 4 5 3 3 3 5 9 0
52 0 9 0 1 2 2 6 6 2 3
53 4 6 7 2 6 2 9 4 9 1
54 9 2 0 1 1 2 4 4 3 3
55 7 5 5 7 2 9 8 0 6 5
56 7 0 5 6 0 7 8 7 5 4
57 0 7 5 5 6 6 3 4 2 7
58 5 4 2 9 9 8 5 7 6 8
59 7 8 3 8 0 3 6 1 4 5
60 6 1 4 1 4 0 8 3 3 5
61 6 0 6 5 6 2 9 6 0 5
62 6 9 9 8 1 1 9 5 4 8
63 4 0 3 8 3 9 2 2 1 7
64 8 7 4 9 0 0 4 7 4 0
65 1 7 7 7 7 1 4 2 1 3
66 4 5 0 2 5 8 0 9 7 9
67 1 6 7 4 7 2 0 7 4 8
68 5 3 0 7 9 7 3 5 4 4
69 6 0 8 6 4 7 0 9 5 6
70 0 7 2 7 1 3 1 2 2 8
71 6 1 8 6 5 1 7 2 7 0
72 8 1 0 1 6 2 8 6 9 0
73 5 7 2 2 2 6 8 7 4 3
74 9 3 0 8 0 8 4 2 5 0
75 1 9 0 0 5 3 2 7 7 8
76 3 0 5 6 8 0 1 1 9 7
77 0 6 9 8 2 8 0 5 9 9
78 5 9 4 9 2 3 0 5 7 9
79 3 8 3 3 4 4 4 9 1 3
80 4 6 3 3 3 1 2 0 5 6
81 0 6 0 5 4 5 0 3 1 9
82 6 1 9 2 4 9 2 3 1 5
83 3 8 9 8 6 8 0 8 8 2
84 2 2 7 3 9 2 0 8 0 3
85 1 7 0 0 8 3 4 1 2 3
86 2 9 9 3 9 5 8 0 6 7
87 6 2 0 8 6 9 8 9 8 8
88 2 9 4 2 4 7 9 9 8 0
89 1 5 1 2 6 1 4 6 3 3
90 8 4 8 7 0 8 5 3 3 5
91 1 3 5 6 1 5 4 6 6 3
92 1 1 2 5 7 5 7 0 4 8
93 3 1 2 3 1 7 6 4 8 0
94 6 3 6 9 4 4 9 8 2 1
95 7 4 2 7 3 2 0 9 6 4
96 9 3 6 0 5 5 5 1 7 5
97 2 6 4 5 2 3 5 6 9 3
98 4 1 5 0 9 7 2 7 1 2
99 7 4 7 9 1 4 4 8 2 5
100 9 6 6 9 1 2 9 8 8 7
101 0 7 6 0 9 1 8 6 3 0
102 6 3 1 2 6 7 0 1 4 0
103 7 0 0 4 8 6 0 5 5 4
104 8 9 7 2 7 8 4 2 5 3
105 9 3 0 8 2 6 8 8 1 8
106 7 5 2 5 2 4 5 9 9 0
107 1 0 4 5 3 1 5 4 2 9
108 8 2 9 9 2 1 4 2 7 8
109 7 6 9 9 4 7 2 1 6 0
110 1 2 1 0 0 7 0 7 4 8
111 2 0 7 5 8 9 0 7 2 4
112 3 4 8 2 1 8 7 7 7 8
113 9 8 8 6 3 0 4 7 9 8
114 3 3 0 4 1 4 8 4 1 4
115 4 7 5 7 5 1 8 7 6 4
116 3 6 1 0 8 6 3 3 4 1
117 4 4 4 6 0 0 9 9 4 6
118 6 8 2 9 4 2 0 4 5 0
119 5 8 7 8 9 4 6 8 8 4
120 0 0 3 1 2 9 7 1 8 3
121 6 8 1 9 2 6 5 7 8 4
122 8 0 1 4 5 8 5 0 2 2
123 8 5 6 1 2 4 9 6 9 1
124 8 2 2 8 4 8 6 6 5 7
125 8 2 8 3 0 6 4 2 9 0
126 3 0 3 0 4 4 8 9 6 8
127 3 4 9 6 4 0 2 5 6 2
128 9 9 8 7 4 9 5 1 8 9
129 2 8 6 1 0 7 3 3 9 2
130 3 9 7 9 3 3 8 9 0 6
131 1 3 6 9 6 9 3 6 0 7
132 0 9 7 4 3 7 6 5 5 3
133 7 7 8 3 7 1 1 1 6 7
134 9 2 8 8 2 2 1 6 5 0
135 1 9 4 7 6 8 7 2 1 6
136 3 5 8 8 3 5 1 9 0 0
137 4 9 1 2 2 2 8 9 5 8
138 4 0 1 3 7 9 6 7 4 7
139 6 6 7 5 2 1 5 0 2 9
140 7 6 8 5 1 0 4 3 7 3
141 4 9 4 6 4 6 9 1 3 6
142 9 7 6 6 1 2 9 1 0 4
143 3 5 1 5 2 3 9 5 1 3
144 3 3 9 5 0 8 8 7 4 8
145 7 6 4 7 6 3 1 4 6 0
146 6 1 0 7 5 4 1 3 7 4
147 9 7 6 9 8 2 1 5 6 2
148 2 3 0 6 1 4 1 3 9 3
149 2 7 5 7 8 6 0 9 8 4
150 4 4 0 2 3 2 1 5 6 0
151 0 8 1 7 2 9 2 6 4 8
152 4 7 5 3 6 8 6 5 2 3
153 6 0 5 9 7 1 2 2 5 0
154 8 7 3 0 4 0 9 5 5 1
155 8 3 4 4 8 5 7 4 5 6
156 4 7 5 7 2 3 9 7 9 5
157 0 2 3 4 3 4 7 1 7 8
158 3 3 2 5 1 7 1 9 1 1
159 5 9 2 4 7 7 1 1 7 5
160 0 3 8 8 9 1 3 5 4 0
161 3 4 2 4 3 5 6 0 0 9
162 1 4 2 6 6 9 2 1 5 8
163 6 6 8 9 7 0 0 4 8 3
164 4 4 8 5 3 7 7 8 8 6
165 5 2 8 2 8 5 4 7 5 1
166 8 2 6 2 6 0 2 3 0 4
167 3 7 8 1 0 0 7 0 1 3
168 5 2 6 1 3 6 2 6 0 9
169 3 6 1 0 4 9 0 3 4 9
170 9 1 9 9 8 5 3 2 7 0
171 1 1 7 7 4 0 4 7 6 7
172 2 3 0 4 6 0 7 3 2 4
173 3 7 2 9 3 0 1 0 6 3
174 8 6 2 6 5 4 8 1 0 9
175 2 2 4 9 0 0 0 9 4 6
176 0 2 0 0 7 5 9 6 9 5
177 7 0 2 9 3 9 1 6 2 2
178 7 2 0 7 8 9 1 7 9 7
179 7 1 0 1 8 9 1 4 7 7
180 9 1 1 1 6 3 5 8 0 8
181 4 0 3 3 8 4 0 5 1 1
182 5 6 0 8 6 3 6 0 0 5
183 7 8 2 0 0 4 3 3 8 8
184 5 8 3 9 2 3 0 6 6 3
185 1 3 1 6 3 5 7 5 6 5
186 8 6 7 0 1 1 1 7 6 9
187 4 6 2 1 4 8 2 2 7 6
188 4 9 4 6 9 3 0 5 1 1
189 5 3 2 8 5 1 1 8 1 4
190 1 4 2 1 9 6 9 4 5 5
191 2 6 6 1 4 9 1 6 4 8
192 0 7 5 8 3 3 7 3 7 8
193 7 4 2 5 0 8 4 3 1 9
194 7 3 1 2 8 0 7 3 8 2
195 8 6 2 4 9 3 6 8 7 8
196 7 0 1 3 0 0 3 5 8 3
197 2 3 4 1 8 2 5 1 8 7
198 0 9 4 7 9 1 1 4 6 0
199 9 2 3 0 1 6 7 4 6 9
200 6 3 4 3 9 4 8 1 3 4
201 0 0 9 5 1 3 5 9 1 0
202 5 9 4 9 2 9 6 2 8 4
203 5 8 9 4 7 4 1 1 2 0
204 0 1 9 2 0 3 2 7 1 4
205 9 8 9 0 7 5 0 7 4 3
206 9 2 8 9 2 0 7 6 5 2
207 7 1 5 9 0 8 3 9 6 6
208 9 7 4 9 0 2 5 3 3 4
209 7 2 1 5 4 2 0 7 3 5
210 5 7 8 3 5 6 6 1 9 3
211 2 4 4 0 2 8 7 6 5 5
212 1 7 2 4 2 0 8 2 0 6
213 0 1 8 0 2 0 2 2 4 8
214 6 9 3 2 7 9 2 5 3 8
215 2 3 4 8 9 1 3 8 6 6
216 7 3 9 4 0 3 7 7 1 5
217 6 1 6 8 5 6 8 8 1 1
218 3 3 3 3 4 1 5 3 4 0
219 6 1 5 9 6 0 9 7 7 6
220 1 1 8 0 1 7 4 6 7 0
221 8 2 8 0 9 0 5 4 7 8
222 2 1 9 4 3 0 3 9 5 4
223 3 2 4 1 2 6 7 8 0 5
224 2 6 5 6 6 0 6 9 4 4
225 3 7 0 9 5 3 6 6 8 4
226 2 3 3 6 6 2 9 7 5 2
227 1 0 4 2 3 6 7 3 0 1
228 1 9 7 9 0 2 3 2 5 9
229 1 2 9 4 2 8 6 6 7 2
230 8 3 3 9 8 6 9 3 6 4
231 6 6 8 6 8 9 1 5 9 8
232 3 2 6 3 3 2 3 7 5 3
233 0 0 8 5 0 8 1 2 7 3
234 5 9 2 8 8 2 2 5 2 9
235 1 6 0 1 5 8 2 7 6 3
236 6 6 9 4 7 7 9 2 1 1
237 9 2 6 3 3 2 5 8 3 1
238 3 9 3 4 5 6 0 3 3 6
239 2 2 9 4 1 4 9 2 2 1
240 3 7 5 2 6 4 5 7 2 2
241 6 1 9 3 8 2 0 6 0 4
242 7 4 2 8 2 4 4 0 6 8
243 8 7 3 8 3 2 7 4 8 2
244 0 6 0 8 0 1 8 2 9 9
245 2 1 4 4 9 6 4 5 5 9
246 7 3 2 6 0 1 4 0 7 1
247 2 3 5 4 0 0 3 3 4 4
248 7 8 1 1 4 9 9 3 4 9
249 8 2 0 8 8 8 8 9 4 7
250 7 9 1 7 0 2 7 3 9 6
251 9 8 2 0 0 6 2 1 9 2
252 1 7 8 5 7 9 4 6 3 0
253 2 7 1 0 5 0 1 1 6 5
254 8 6 3 3 9 6 5 1 4 6
255 8 2 4 4 4 2 4 0 7 8
256 6 7 1 8 6 8 7 3 4 1
257 2 9 4 8 8 7 4 1 7 0
258 6 3 6 9 6 0 7 5 0 8
259 1 5 4 0 2 0 8 7 2 0
260 2 3 6 6 5 4 4 0 7 1
261 8 0 5 9 9 0 2 0 1 2
262 0 2 4 9 7 3 0 0 1 0
263 1 7 2 1 7 2 9 4 0 0
264 8 5 1 5 2 1 5 5 1 1
265 7 7 5 7 2 9 6 2 5 4
266 9 1 3 4 0 8 1 6 6 0
267 2 0 5 2 3 5 0 7 6 9
268 2 1 9 3 7 4 4 4 0 1
269 2 9 4 0 9 0 3 2 2 9
270 0 2 8 4 2 7 1 8 5 9
271 5 3 8 1 4 0 9 4 3 5
272 3 7 7 4 7 0 7 1 4 2
273 7 6 1 4 4 6 5 0 6 0
274 4 7 0 3 7 0 8 6 3 9
275 8 7 8 6 7 8 8 8 0 3
276 7 0 6 8 7 0 5 8 2 3
277 9 5 3 9 3 0 1 1 2 5
278 5 7 1 4 8 1 7 8 8 2
279 5 8 5 6 0 3 2 2 0 9
280 4 8 3 1 4 9 7 8 4 8
281 5 2 6 7 1 0 5 7 6 4
282 3 1 0 7 0 3 8 6 8 5
283 0 1 8 9 6 1 2 7 2 5
284 2 7 8 9 2 2 9 4 1 3
285 3 4 7 5 9 6 5 6 7 7
286 0 9 3 1 1 2 3 1 2 4
287 4 2 3 6 5 6 5 4 8 9
288 7 3 4 9 8 9 1 7 1 8
289 0 0 7 7 2 0 6 6 6 0
290 3 1 5 6 8 2 5 3 9 3
291 8 4 2 2 9 7 7 5 2 5
292 9 0 0 1 4 1 2 9 2 3
293 2 3 6 2 7 0 8 2 0 1
294 2 9 8 4 0 9 0 6 0 3
295 3 7 8 2 7 6 9 3 2 4
296 7 4 4 2 7 3 3 4 3 6
297 3 5 1 4 4 9 3 0 2 6
298 8 8 0 4 6 2 5 7 5 4
299 5 6 5 6 4 4 4 5 6 8
300 8 0 6 5 2 8 3 6 9 7
301 6 4 6 8 4 2 8 6 2 1
302 0 4 4 5 2 5 8 0 8 2
303 9 3 9 4 1 2 4 5 3 7
304 2 0 8 8 7 6 5 9 4 9
305 5 1 0 2 7 6 1 1 7 1
306 5 1 8 8 7 0 3 7 9 6
307 4 3 0 0 6 9 7 1 1 3
308 7 0 4 3 2 8 3 6 8 6
309 5 2 9 1 0 1 0 5 7 8
310 3 8 3 7 6 4 5 1 3 5
311 3 2 3 0 8 2 7 0 8 8
312 1 5 4 4 8 7 3 6 6 1
313 1 8 0 6 6 6 0 9 5 2
314 8 5 8 1 7 2 7 7 0 7
315 5 0 9 4 2 5 0 9 0 7
316 3 6 7 4 9 2 4 6 9 7
317 3 2 6 8 4 4 6 6 6 0
318 7 5 5 1 2 9 1 1 2 7
319 6 3 2 9 1 0 9 8 9 8
320 1 2 1 1 8 2 3 7 3 8
321 8 0 2 6 5 7 1 6 9 5
322 2 4 3 6 8 9 9 3 9 9
323 6 7 7 5 4 5 5 5 8 0
324 5 1 2 0 9 0 6 2 1 9
325 4 0 3 3 3 4 5 2 1 9
326 4 8 4 6 5 3 5 2 8 4
327 0 5 5 3 0 5 7 0 7 1
328 4 5 6 5 4 4 7 5 5 5
329 5 5 2 5 6 5 3 0 2 7
330 5 4 2 5 8 9 6 2 9 5
331 6 7 9 1 9 4 7 9 2 6
332 2 4 9 3 1 1 7 9 8 9
333 7 7 9 6 1 4 0 1 5 1
334 9 3 4 5 4 8 4 4 2 6
335 1 3 2 6 7 5 3 8 1 2
336 3 4 0 7 2 5 2 3 4 3
337 6 3 2 7 8 0 0 2 4 0
338 3 6 3 0 0 5 3 9 6 6
339 3 0 7 3 2 1 4 4 1 5
340 4 4 6 6 0 8 0 5 1 1
341 2 4 4 4 7 8 6 9 7 1
342 4 2 6 9 5 9 7 5 3 7
343 1 9 5 9 0 9 3 7 3 9
344 1 7 1 3 4 1 1 1 9 0
345 0 9 3 5 5 9 5 1 6 7
346 9 4 2 1 8 6 3 5 3 2
347 7 1 3 6 0 9 8 0 0 1
348 7 3 9 0 6 1 4 0 2 5
349 1 1 4 1 8 5 4 1 0 1
350 8 5 9 3 7 2 5 5 7 4
351 6 6 1 3 6 8 0 2 7 9
352 3 9 9 7 0 6 7 1 0 3
353 5 0 4 8 3 1 6 5 1 5
354 1 3 3 7 2 0 8 2 3 7
355 8 9 1 8 2 2 6 0 7 8
356 1 5 7 2 8 7 2 8 2 6
357 8 0 1 5 3 8 7 4 0 4
358 7 3 6 8 5 9 4 4 5 0
359 6 2 5 1 3 8 0 0 4 1
360 0 1 8 8 3 5 5 5 3 8
361 3 5 8 9 4 0 8 8 3 7
362 2 4 5 1 1 4 8 9 6 4
363 4 8 3 0 8 8 7 6 4 1
364 3 0 7 2 3 1 7 6 7 0
365 5 6 8 9 6 0 3 1 2 2
366 1 0 6 0 4 5 4 1 4 4
367 8 8 4 0 4 6 4 9 8 4
368 7 1 7 2 5 1 9 0 1 9
369 3 4 1 4 4 8 8 4 8 0
370 2 2 6 6 8 8 0 2 7 9
371 9 9 0 8 4 3 6 1 7 2
372 7 5 3 9 5 8 9 3 8 2
373 5 1 7 5 5 3 6 2 8 2
374 4 3 8 7 1 1 4 8 0 0
375 5 3 0 6 0 8 4 2 4 6
376 6 7 4 2 1 1 8 4 5 8
377 6 1 8 8 2 0 6 9 9 9
378 4 5 9 7 1 0 4 0 8 2
379 7 7 6 0 5 4 9 7 1 9
380 5 9 0 0 4 6 7 5 8 4
381 0 7 3 1 0 0 2 0 5 8
382 6 3 5 4 0 0 4 7 9 3
383 9 8 5 1 3 0 0 8 3 2
384 7 9 3 8 3 7 7 7 7 3
385 4 3 7 5 5 2 0 0 1 4
386 5 4 7 2 1 2 9 8 9 9
387 0 7 5 7 7 0 1 2 0 8
388 7 8 0 8 3 6 3 2 7 3
389 6 7 0 1 7 0 4 3 1 7
390 5 5 0 8 6 4 0 5 4 5
391 5 3 0 3 4 1 6 3 1 6
392 8 3 1 5 1 3 7 4 4 2
393 8 6 7 9 5 4 8 4 7 4
394 9 6 6 9 9 7 4 4 6 9
395 1 9 1 5 5 8 4 5 8 7
396 1 8 7 5 0 0 9 4 1 5
397 8 5 0 7 8 3 4 6 9 8
398 2 8 5 1 0 0 9 3 9 5
399 2 2 1 3 7 4 9 5 5 7
400 5 5 7 9 0 3 3 0 4 1
401 5 8 6 0 6 7 7 0 0 9
402 5 9 5 9 5 0 7 1 9 3
403 0 2 2 0 9 3 9 0 4 9
404 0 4 0 6 4 0 1 5 3 7
405 3 5 5 0 7 6 0 6 1 8
406 1 1 9 2 9 0 3 8 2 4
407 6 4 3 0 2 8 4 9 4 7
408 3 8 7 5 5 3 1 1 7 7
409 9 0 9 2 6 0 4 1 1 3
410 3 8 1 4 8 9 8 2 1 9
411 7 5 0 4 1 0 3 2 7 7
412 1 8 6 2 4 5 0 1 8 6
413 8 4 4 1 2 9 7 6 8 5
414 3 7 0 3 1 4 6 6 5 8
415 2 9 3 0 8 5 8 4 1 9
416 1 5 0 0 4 7 7 4 3 8
417 3 4 0 8 4 3 6 5 4 7
418 4 9 2 0 5 5 1 7 3 6
419 0 5 5 8 9 2 3 7 0 1
420 6 7 9 0 9 2 5 8 6 5
421 4 1 4 1 9 9 1 7 3 5
422 0 9 5 3 5 7 1 8 5 3
423 5 8 5 9 1 4 0 4 9 6
424 9 1 2 0 2 7 4 4 9 3
425 5 0 4 3 9 1 4 4 4 6
426 6 3 2 1 8 8 9 3 3 9
427 9 1 0 4 6 7 2 1 3 5
428 2 0 5 6 8 2 0 6 3 0
429 5 2 0 5 9 0 2 0 9 0
430 4 6 2 0 9 3 4 7 9 2
431 0 5 4 5 9 6 7 4 9 8
432 6 9 0 5 8 0 6 4 6 4
433 5 4 4 2 3 0 2 5 0 4
434 0 5 7 7 1 6 2 2 3 7
435 7 7 7 7 1 4 7 7 6 3
436 7 2 8 9 9 0 2 1 1 7
437 5 0 8 5 6 7 7 2 9 4
438 7 1 0 0 5 2 1 4 7 2
439 1 0 4 0 5 9 9 7 0 5
440 3 4 3 5 8 1 4 3 8 8
441 7 6 1 0 9 1 1 2 4 8
442 5 8 5 0 7 8 5 2 6 7
443 1 4 2 8 6 4 9 7 4 8
444 8 7 2 2 0 4 6 3 0 2
445 2 2 5 9 1 0 9 6 6 1
446 0 4 2 5 8 9 8 4 1 4
447 4 5 6 3 2 5 3 4 7 6
448 5 2 0 2 7 8 8 9 2 6
449 1 8 7 1 0 3 1 7 6 3
450 6 7 4 8 8 5 7 3 6 7
451 6 0 7 9 5 8 0 0 1 6
452 2 8 9 3 7 1 0 5 6 0
453 9 0 6 2 6 3 4 0 3 3
454 3 5 8 8 6 3 8 6 2 8
455 8 4 2 4 8 6 4 5 9 4
456 7 8 1 2 7 1 5 4 9 1
457 3 9 6 7 9 1 0 9 2 2
458 7 6 5 2 6 6 4 6 6 5
459 9 8 4 2 0 9 2 6 7 6
460 3 9 1 3 3 4 6 3 7 3
461 2 9 5 8 0 9 6 9 9 6
462 9 1 3 7 5 2 6 9 1 6
463 4 1 4 0 5 1 3 1 0 4
464 5 1 9 6 1 6 4 6 6 7
465 4 2 6 9 0 3 7 0 2 0
466 1 9 3 3 3 1 2 6 1 0
467 8 4 8 9 7 2 1 3 6 3
468 0 0 6 1 2 9 1 1 3 5
469 8 2 6 2 2 1 9 4 6 1
470 8 6 1 9 4 3 0 0 0 9
471 8 1 1 6 9 1 1 5 9 9
472 9 0 7 0 4 7 1 1 9 0
473 6 1 3 6 0 3 6 3 4 5
474 5 0 9 2 3 5 2 6 0 0
475 2 8 9 5 6 8 0 5 0 0
476 3 1 3 6 2 0 4 2 2 3
477 3 0 1 1 4 5 7 2 1 4
478 9 9 1 7 0 7 4 9 8 7
479 8 2 5 3 5 2 0 6 5 9
480 5 4 8 9 6 5 8 9 1 4
481 5 0 7 9 3 7 0 5 4 1
482 2 3 2 6 2 0 1 2 6 7
483 8 7 3 7 3 9 5 3 2 4
484 2 2 3 3 6 9 1 8 6 1
485 1 2 3 5 0 4 8 8 3 6
486 7 4 0 7 1 0 9 1 6 6
487 8 9 2 8 6 9 2 0 1 7
488 9 1 1 1 1 8 0 4 0 0
489 5 6 0 8 1 1 6 6 6 3
490 3 5 1 8 9 7 6 9 3 2
491 1 6 5 5 3 4 0 5 1 9
492 4 3 4 9 0 1 9 8 0 9
493 8 2 8 2 3 4 6 2 7 1
494 5 0 9 9 3 1 7 9 5 8
495 1 4 6 0 8 2 2 7 6 5
496 6 5 2 5 4 2 6 1 6 9
497 8 6 3 1 8 7 8 0 0 0
498 3 9 5 7 4 5 3 7 2 4
499 0 8 1 5 9 5 9 5 5 4
500 7 3 6 0 9 3 2 6 7 7
501 3 9 0 0 4 0 6 9 0 8
502 3 2 1 4 7 5 1 5 0 0
503 8 8 7 0 2 1 8 3 0 4
504 2 7 4 0 8 5 9 6 5 8
505 4 2 0 0 8 1 2 7 3 5
506 0 7 5 9 0 0 3 1 2 2
507 8 5 7 8 5 3 3 5 1 6
508 2 0 3 3 6 7 2 8 1 6
509 9 0 9 9 9 3 8 1 0 1
510 6 3 9 0 7 8 2 9 8 8
511 4 1 9 5 6 6 4 3 9 0
512 3 2 6 2 8 8 7 4 7 8
513 2 5 3 2 9 5 9 4 2 0
514 2 9 9 2 7 1 1 7 4 5
515 9 2 1 7 4 1 4 3 9 6
516 2 4 8 9 0 4 2 7 2 5
517 7 7 1 1 5 7 2 9 3 5
518 2 0 9 5 5 8 5 7 0 8
519 6 3 6 5 7 2 6 1 7 1
520 6 5 6 4 6 5 9 5 3 5
521 8 1 4 8 0 9 6 3 4 0
522 2 8 9 4 9 3 8 7 4 1
523 6 0 7 0 5 1 7 9 0 0
524 1 5 2 4 2 4 4 3 0 3
525 2 9 6 6 3 1 0 2 3 0
526 0 7 5 2 2 2 1 2 0 4
527 7 3 4 8 1 4 9 9 7 1
528 2 1 0 1 2 4 5 1 4 6
529 2 3 3 4 8 1 8 7 2 0
530 1 2 4 7 0 7 8 4 7 4
531 2 8 4 5 9 7 7 7 4 7
532 9 4 5 8 2 6 4 4 0 3
533 3 9 4 4 8 5 9 7 9 9
534 5 0 5 0 1 7 6 8 7 5
535 1 4 2 9 3 8 9 6 6 9
536 0 5 6 0 2 6 3 5 2 0
537 8 5 4 2 6 4 6 8 9 2
538 5 0 2 5 6 6 9 4 5 2
539 2 0 2 2 4 5 0 0 5 9
540 7 4 0 5 3 5 7 3 9 0
541 8 9 7 0 9 3 7 7 2 3
542 9 9 6 1 6 4 0 9 9 7
543 4 6 6 0 6 9 1 1 0 1
544 0 7 3 5 5 8 6 7 0 4
545 3 9 0 1 5 6 4 8 2 7
546 4 4 6 4 2 6 9 3 4 2
547 2 4 9 7 0 7 2 6 8 3
548 5 5 2 5 5 2 3 2 6 7
549 3 9 1 6 3 3 9 1 3 3
550 8 4 7 4 3 9 6 7 7 9
551 1 3 7 0 3 1 0 8 4 4
552 7 8 7 3 2 1 0 1 8 3
553 3 0 6 1 8 3 0 3 4 0
554 0 8 5 9 6 2 8 3 6 6
555 1 0 6 8 2 8 0 7 7 8
556 8 1 2 4 0 0 6 2 5 5
557 0 9 9 8 6 2 0 9 9 9
558 2 3 4 8 0 3 9 6 0 9
559 1 6 6 1 3 3 2 4 1 7
560 3 3 4 3 6 6 9 8 0 5
561 1 9 4 2 4 2 5 3 7 1
562 0 0 0 4 9 4 3 8 1 3
563 6 8 6 2 2 7 5 0 4 3
564 8 2 5 3 6 7 7 7 2 6
565 9 9 4 9 6 4 9 2 5 5
566 3 7 3 7 3 2 3 3 4 7
567 7 7 9 6 3 4 4 4 6 5
568 8 8 9 1 4 4 0 8 4 3
569 0 3 0 4 2 6 0 8 3 1
570 6 2 5 0 7 8 1 8 9 4
571 2 6 0 7 5 3 7 0 7 6
572 5 6 4 0 1 7 3 2 4 4
573 0 8 8 0 8 4 1 7 7 5
574 3 6 8 4 1 9 8 5 0 8
575 1 0 9 1 2 8 7 1 5 8
576 5 2 0 5 3 3 3 2 6 6
577 4 4 0 0 5 8 1 3 8 1
578 0 3 9 6 5 2 1 9 2 4
579 0 5 2 8 8 1 3 2 5 0
580 1 5 2 7 5 4 7 1 1 2
581 7 2 6 4 6 4 7 3 6 6
582 1 9 4 7 3 3 9 1 1 3
583 8 3 3 4 4 3 3 9 1 4
584 6 5 0 8 4 3 4 6 0 6
585 5 6 1 5 7 6 7 4 7 5
586 2 2 2 1 9 9 9 6 6 3
587 5 6 1 1 6 6 9 3 3 1
588 3 2 6 3 3 7 5 4 7 8
589 0 1 9 7 4 7 8 0 8 5
590 3 1 5 3 4 3 3 9 7 3
591 6 8 2 0 1 4 0 2 5 0
592 2 7 7 1 4 8 2 0 4 3
593 8 5 7 9 9 9 1 2 0 9
594 9 2 2 0 2 5 3 0 5 5
595 3 8 6 1 0 3 8 0 4 7
596 7 2 5 7 2 3 2 5 9 6
597 0 7 5 6 7 0 3 1 2 6
598 7 9 4 8 8 9 2 2 5 0
599 3 5 2 9 5 3 5 2 7 8
600 7 4 0 7 2 0 3 5 2 5
601 1 4 8 2 3 2 4 2 7 8
602 1 3 9 6 8 0 4 7 1 5
603 9 3 7 5 6 1 0 3 8 3
604 8 0 3 3 0 1 5 9 8 2
605 9 2 5 1 3 7 5 4 0 1
606 2 9 6 7 8 4 6 1 3 3
607 4 7 6 8 5 3 8 8 6 5
608 5 7 5 4 0 0 1 8 7 1
609 2 8 5 4 1 7 1 1 5 7
610 9 0 9 8 1 9 2 0 0 4
611 6 6 3 2 9 6 9 2 8 4
612 3 8 3 3 1 5 8 8 4 9
613 3 2 1 0 2 9 5 6 9 7
614 0 7 2 8 3 8 8 7 6 7
615 8 8 3 9 5 1 2 6 3 1
616 5 8 1 8 3 5 6 1 6 3
617 6 2 6 0 0 0 6 2 5 8
618 4 1 8 8 0 2 9 6 2 4
619 8 0 2 1 8 6 9 1 4 9
620 5 1 8 1 6 8 9 1 1 6
621 4 7 9 4 9 6 0 3 4 0
622 1 8 0 2 3 8 3 7 0 0
623 0 7 0 4 8 5 0 3 8 8
624 5 0 2 4 7 4 4 4 1 3
625 5 3 1 2 5 3 0 3 3 5
626 2 6 3 0 9 3 1 8 1 9
627 4 8 2 8 2 5 5 9 7 2
628 9 4 9 3 5 3 5 4 4 9
629 6 8 9 7 1 9 7 0 8 9
630 8 5 1 4 5 4 1 5 1 8
631 0 2 9 0 7 7 5 8 9 2
632 2 1 9 5 1 4 0 5 9 9
633 0 6 0 0 2 0 8 9 0 8
634 6 8 5 5 8 6 4 9 1 5
635 8 3 9 3 4 0 3 2 3 8
636 1 1 7 7 3 5 4 9 9 5
637 2 9 8 2 9 5 6 2 3 5
638 1 8 2 2 7 3 9 2 8 8
639 0 3 6 0 3 7 3 5 0 5
640 8 3 4 2 5 9 1 9 8 6
641 2 8 0 1 8 0 2 9 9 6
642 4 0 8 7 0 9 2 5 7 0
643 3 2 3 4 3 6 4 0 8 9
644 9 5 1 5 9 3 5 8 8 0
645 4 5 7 1 0 7 7 9 9 2
646 6 7 9 5 3 6 1 7 2 6
647 7 3 2 2 0 9 1 6 3 1
648 8 1 2 2 0 0 5 1 3 2
649 1 3 1 7 9 4 3 9 2 6
650 2 8 5 6 2 5 0 2 3 7
651 0 6 4 9 9 0 1 0 8 9
652 6 0 5 8 4 2 3 9 3 0
653 1 1 0 7 5 4 4 2 6 7
654 9 4 5 2 4 4 3 3 4 2
655 2 7 2 9 1 2 5 4 3 3
656 8 9 1 5 5 7 3 8 9 9
657 1 8 2 7 0 2 2 3 4 5
658 6 7 6 9 1 6 3 4 8 4
659 2 3 7 0 5 9 6 2 0 2
660 5 1 5 5 2 8 5 5 2 1
661 4 2 1 9 3 7 7 9 6 5
662 5 4 4 8 1 1 5 0 0 2
663 0 7 3 8 4 4 5 8 4 1
664 0 9 4 3 8 5 5 1 3 5
665 3 8 9 7 8 3 2 3 7 4
666 7 2 6 0 4 4 0 5 0 5
667 3 0 4 4 6 4 2 3 5 9
668 3 9 3 1 4 4 5 2 0 7
669 6 5 5 7 3 7 2 6 7 1
670 0 5 4 8 1 0 6 7 9 5
671 4 0 2 3 9 1 5 8 6 5
672 5 8 4 7 7 1 1 7 7 4
673 8 7 6 4 3 5 4 3 8 5
674 7 1 2 9 6 9 8 4 1 0
675 8 9 2 7 6 1 4 6 3 5
676 8 2 5 0 1 0 0 5 3 9
677 6 0 5 2 1 6 7 4 6 7
678 0 8 2 2 2 0 8 2 5 6
679 8 6 7 2 8 6 7 0 9 3
680 2 8 2 7 8 7 1 3 8 1
681 5 0 6 1 1 3 7 1 8 2
682 9 3 0 8 4 7 5 6 7 0
683 7 9 3 8 8 4 4 5 8 1
684 0 6 1 6 8 3 8 8 6 6
685 0 3 1 8 3 7 8 5 8 2
686 1 8 1 3 0 8 3 4 5 2
687 2 2 9 7 2 6 6 0 7 5
688 2 4 3 5 2 5 1 6 9 9
689 8 1 9 9 1 5 5 9 5 5
690 5 1 3 9 7 0 0 2 0 0
691 9 6 9 8 3 9 7 5 2 1
692 7 6 3 2 6 0 0 3 1 5
693 8 2 8 5 2 9 8 3 6 7
694 4 6 3 8 1 2 6 4 7 1
695 6 9 7 1 4 6 6 1 8 9
696 0 1 7 7 2 2 2 5 4 0
697 4 5 2 6 7 2 3 0 8 1
698 0 1 2 0 0 6 4 1 0 1
699 4 5 0 3 3 7 1 0 0 3
700 5 4 1 1 3 6 4 1 1 5
701 8 1 4 5 5 8 7 5 4 5
702 2 9 6 8 6 0 2 3 3 0
703 0 8 9 9 3 8 4 8 3 5
704 1 6 9 8 4 0 2 8 8 0
705 1 1 6 5 1 9 9 2 9 9
706 3 3 7 6 3 8 5 4 9 8
707 6 9 2 6 1 4 4 7 5 7
708 3 9 1 5 8 0 6 1 3 0
709 1 8 0 6 8 8 5 7 7 2
710 6 6 2 2 4 1 9 8 9 5
711 1 8 5 6 5 3 5 1 0 4
712 2 8 4 0 0 9 7 3 2 4
713 9 1 9 3 2 7 1 4 7 6
714 6 9 3 5 5 0 9 1 7 4
715 7 7 7 5 3 3 8 6 6 0
716 3 9 2 4 0 6 2 6 5 7
717 8 1 6 6 1 8 7 2 4 8
718 4 6 6 8 3 0 8 7 3 0
719 5 5 5 7 3 8 7 3 2 2
720 2 3 0 2 1 6 6 2 0 1
721 5 3 7 2 6 4 2 6 8 6
722 8 9 5 9 0 6 3 5 6 7
723 3 2 2 1 4 4 4 0 6 9
724 0 0 1 4 8 0 5 0 3 6
725 7 5 8 6 1 9 5 1 2 5
726 1 3 4 3 3 5 6 7 2 7
727 0 1 8 0 1 3 0 8 8 4
728 6 9 3 4 7 5 6 8 7 7
729 2 7 1 7 4 6 4 4 4 7
730 6 9 0 9 8 5 2 2 8 6
731 0 8 6 4 1 6 0 8 6 9
732 9 0 8 6 8 9 2 0 5 4
733 1 4 7 7 3 5 8 3 5 2
734 7 7 6 8 2 3 2 0 3 4
735 3 8 9 1 5 8 4 4 0 4
736 2 9 5 6 7 4 4 1 2 8
737 3 9 9 6 1 0 1 4 8 4
738 8 4 7 2 9 1 3 8 2 2
739 4 8 3 6 4 7 2 2 8 6
740 7 1 0 7 3 5 7 2 4 8
741 4 0 9 9 4 4 9 7 7 0
742 7 4 0 9 8 8 8 7 9 5
743 9 4 2 6 7 1 2 9 7 5
744 3 6 5 9 2 0 5 3 0 1
745 0 6 0 3 8 6 9 8 9 2
746 1 2 1 3 3 2 2 3 7 9
747 2 9 3 4 2 0 3 1 5 8
748 3 6 9 4 7 3 3 3 5 1
749 4 5 6 2 9 0 5 3 5 1
750 7 2 7 9 6 9 5 0 1 8
751 9 5 9 1 3 4 6 7 4 8
752 6 4 8 6 3 2 0 6 6 2
753 0 9 0 6 1 1 7 7 0 3
754 6 1 8 8 0 9 0 6 5 6
755 7 0 7 2 6 8 2 6 9 4
756 9 4 8 2 8 2 4 4 8 4
757 8 7 0 1 9 8 9 4 2 4
758 6 6 2 6 0 7 5 8 1 7
759 6 1 8 7 0 8 1 9 9 7
760 4 5 4 9 1 4 5 9 0 9
761 0 2 4 2 8 8 3 7 5 4
762 3 6 3 0 0 8 2 1 2 8
763 8 1 1 3 4 6 2 3 7 5
764 6 2 4 9 1 1 4 8 1 5
765 0 9 5 1 6 9 1 6 3 7
766 8 9 5 4 5 1 5 6 7 4
767 9 4 0 2 7 7 9 0 1 5
768 9 7 9 2 6 9 6 1 7 3
769 2 1 2 3 0 2 7 1 3 1
770 1 5 4 9 9 1 1 5 0 4
771 5 4 7 4 2 5 3 0 1 2
772 5 2 6 0 3 2 4 4 8 9
773 5 8 0 9 9 4 9 2 8 0
774 5 6 4 1 5 7 5 7 2 7
775 2 6 5 3 3 1 8 0 7 1
776 6 9 0 9 0 8 8 6 4 1
777 4 9 1 8 4 9 3 3 3 4
778 8 2 6 8 0 2 9 4 8 5
779 8 4 9 9 4 4 3 7 0 3
780 4 6 0 4 9 7 1 4 4 2
781 5 9 2 1 9 9 3 7 4 1
782 9 1 4 2 8 4 0 6 1 0
783 7 6 5 0 1 4 3 2 4 4
784 8 0 8 6 9 3 4 1 4 1
785 5 3 9 3 2 7 1 9 7 9
786 3 1 8 9 2 2 1 6 1 7
787 2 1 1 5 5 8 1 0 8 9
788 6 8 9 7 8 7 6 0 2 3
789 7 5 3 2 1 9 8 9 2 5
790 2 3 5 4 3 1 2 2 1 3
791 7 5 6 9 6 2 0 8 7 3
792 5 7 9 5 1 9 1 0 2 2
793 0 8 6 0 7 4 4 6 8 8
794 1 2 9 1 8 8 3 7 4 6
795 5 0 9 0 0 0 6 3 9 3
796 7 2 1 4 3 5 3 2 1 3
797 2 6 7 3 3 8 3 4 1 4
798 6 1 0 8 1 5 9 6 9 1
799 8 8 2 4 2 6 8 6 6 8
800 6 7 9 8 1 6 8 2 7 4
801 6 5 1 3 5 1 6 0 3 2
802 9 9 0 1 2 1 2 9 6 7
803 1 9 4 8 3 8 5 0 1 3
804 9 3 4 8 0 1 5 0 2 1
805 1 8 6 6 8 7 8 2 9 7
806 6 9 6 6 7 4 2 9 5 3
807 9 3 2 9 4 7 9 7 8 0
808 7 1 2 0 0 4 4 3 0 1
809 2 3 8 5 5 8 1 1 4 9
810 2 0 0 7 1 0 0 2 2 0
811 6 1 1 5 7 6 3 3 2 4
812 6 2 4 6 8 1 0 5 0 2
813 1 3 5 3 1 0 8 0 4 4
814 8 5 4 8 1 8 3 2 3 3
815 3 2 4 1 0 1 3 3 7 3
816 9 8 9 1 6 5 8 5 7 8
817 0 5 9 8 6 2 6 6 6 3
818 2 6 4 3 0 6 2 6 5 8
819 7 5 3 5 4 7 4 2 2 3
820 8 1 8 8 8 6 2 1 1 7
821 5 0 2 7 2 6 2 1 2 6
822 1 7 9 6 2 4 2 9 0 6
823 7 3 8 4 5 2 8 1 7 4
824 5 5 3 9 0 5 6 5 5 5
825 2 6 3 0 1 2 0 6 0 0
826 5 6 7 4 7 1 2 9 2 3
827 2 7 1 7 9 4 1 4 6 8
828 8 5 3 4 1 7 9 4 9 0
829 2 0 0 8 6 4 6 3 4 6
830 9 3 0 5 3 5 9 1 2 2
831 3 6 4 3 8 7 8 5 5 5
832 6 2 8 1 1 4 6 1 9 9
833 4 9 4 6 8 2 6 2 7 8
834 0 1 0 0 1 8 7 5 1 0
835 0 0 3 2 5 6 7 3 3 5
836 1 9 0 7 9 0 7 3 1 8
837 2 1 2 2 1 3 8 0 8 0
838 4 5 0 1 2 1 7 9 9 6
839 9 6 0 6 1 4 7 6 5 4
840 8 2 8 3 8 7 1 5 9 0
841 2 0 7 1 7 4 1 7 3 1
842 0 3 3 6 9 6 9 7 3 0
843 3 2 7 5 8 2 7 1 9 9
844 5 2 9 5 2 8 2 4 7 6
845 5 4 0 6 1 7 3 2 0 4
846 8 1 1 9 4 3 1 8 7 4
847 2 0 6 3 1 5 6 3 3 3
848 7 3 7 0 4 6 3 7 6 9
849 9 4 0 5 5 5 2 0 8 4
850 7 7 6 2 7 7 2 6 7 1
851 7 7 3 4 2 3 4 2 0 7
852 7 7 7 7 9 5 9 1 0 0
853 5 9 1 7 5 7 5 7 5 8
854 3 6 2 5 7 5 9 3 4 0
855 2 9 5 5 0 2 9 9 7 0
856 0 5 9 8 1 6 5 0 7 0
857 7 4 5 6 3 3 3 0 3 1
858 5 8 1 4 6 3 4 3 7 0
859 6 4 9 2 9 1 6 9 4 2
860 9 1 3 8 3 8 7 5 3 6
861 4 2 7 4 2 4 5 5 5 9
862 9 3 3 8 2 6 8 1 3 7
863 5 0 6 4 7 7 9 5 6 1
864 1 9 1 2 9 5 8 2 3 4
865 4 3 5 6 2 0 2 7 8 6
866 6 8 2 0 2 3 3 8 5 8
867 8 4 7 8 0 3 8 5 1 4
868 0 6 4 6 3 6 6 5 4 4
869 3 7 6 0 3 0 1 4 9 7
870 1 8 1 3 6 4 7 0 5 5
871 6 5 6 5 7 5 4 6 9 0
872 5 1 9 5 0 5 2 1 4 0
873 9 4 5 2 6 4 6 8 2 4
874 0 2 8 5 5 8 1 3 5 0
875 0 2 5 0 2 2 7 9 0 1
876 6 4 5 4 4 1 6 4 5 5
877 6 8 9 7 7 1 6 8 0 0
878 6 7 6 4 2 8 2 7 0 9
879 7 9 7 4 3 9 8 1 8 2
880 9 7 4 1 4 0 9 6 7 6
881 8 2 4 6 3 7 4 0 2 9
882 2 8 5 5 4 6 2 8 0 0
883 4 1 8 0 4 0 5 5 8 3
884 6 3 9 3 5 8 3 1 9 9
885 2 9 4 8 1 1 9 1 3 8
886 0 8 1 6 8 8 5 2 2 2
887 9 2 7 3 7 0 6 4 6 4
888 4 3 2 3 7 1 5 6 1 5
889 4 8 8 8 7 2 4 0 8 4
890 1 6 0 0 4 8 6 6 0 8
891 0 1 8 3 8 9 4 4 6 3
892 1 1 2 0 4 5 7 6 0 0
893 5 2 1 3 8 5 7 2 7 7
894 0 7 2 7 7 9 7 5 4 6
895 6 3 7 7 7 0 6 4 2 1
896 0 6 4 1 0 4 9 9 1 3
897 8 0 2 6 9 1 9 4 4 6
898 4 9 0 4 1 8 4 7 7 3
899 6 6 5 6 1 5 8 6 2 1
900 9 7 7 3 8 0 0 4 4 9
901 5 7 5 9 6 2 2 2 3 3
902 7 8 5 8 0 8 2 5 0 8
903 9 6 7 4 0 6 1 8 4 1
904 9 4 3 3 9 9 1 7 9 5
905 8 4 6 3 7 9 4 4 4 8
906 2 7 8 3 4 5 5 9 1 1
907 9 8 5 5 6 5 0 6 3 6
908 4 5 0 2 5 7 0 7 1 0
909 3 4 9 7 4 8 1 8 9 9
910 0 8 5 9 0 7 4 1 4 4
911 0 0 4 2 5 8 2 5 6 6
912 9 0 4 9 9 3 4 4 6 0
913 5 6 8 7 8 9 6 2 7 1
914 2 2 8 3 8 2 2 0 8 0
915 2 0 3 2 5 6 5 9 0 5
916 2 7 9 6 4 3 0 6 6 6
917 8 9 5 1 7 8 2 6 6 8
918 2 3 0 8 1 4 7 3 3 0
919 5 6 4 4 4 1 1 3 3 3
920 8 7 8 7 6 0 0 5 8 8
921 8 0 0 5 1 2 0 0 2 2
922 0 6 4 7 8 7 2 9 2 2
923 4 8 7 3 6 3 8 1 5 5
924 7 8 3 7 3 7 4 0 4 1
925 0 5 5 4 2 1 4 0 0 9
926 4 3 3 4 3 3 6 9 2 6
927 4 7 7 6 7 6 6 4 8 8
928 3 2 4 0 9 5 4 5 2 2
929 1 9 4 7 0 6 9 3 7 2
930 1 6 8 1 4 7 4 6 3 5
931 2 7 2 0 9 3 6 7 6 2
932 3 3 6 5 0 7 6 0 3 3
933 2 9 7 4 7 0 4 7 3 9
934 6 0 3 2 5 3 0 0 6 8
935 8 3 3 4 6 0 0 5 7 6
936 2 9 4 2 3 2 8 3 3 7
937 9 9 0 9 9 4 3 8 4 2
938 3 5 7 1 0 4 2 7 7 3
939 7 0 0 9 1 8 9 4 3 7
940 5 1 7 0 2 4 1 5 7 2
941 1 8 6 0 8 9 2 9 3 0
942 6 9 5 6 3 3 2 7 4 6
943 9 7 2 2 7 3 1 5 3 6
944 5 1 7 2 2 9 9 0 0 2
945 0 2 0 1 0 4 8 4 9 7
946 6 9 2 4 0 7 5 9 4 0
947 3 2 8 9 4 7 2 3 3 7
948 5 2 3 3 6 9 5 0 2 3
949 9 7 1 2 0 1 0 5 3 9
950 5 2 1 3 3 9 2 3 4 4
951 1 3 8 5 8 0 3 0 3 8
952 9 6 9 3 1 3 3 9 1 5
953 6 6 9 9 1 8 3 0 1 8
954 5 2 6 0 9 8 8 9 7 5
955 5 8 9 6 4 3 6 9 4 1
956 0 6 9 5 2 8 8 7 3 7
957 0 7 2 2 9 9 1 6 3 8
958 1 6 2 2 9 9 2 8 2 8
959 2 9 4 9 0 9 8 3 9 0
960 6 0 4 0 2 5 3 8 7 7
961 3 8 4 5 8 8 6 2 4 7
962 9 1 6 9 0 9 6 0 6 5
963 9 2 7 3 6 2 8 7 3 8
964 7 3 8 5 0 4 3 5 2 9
965 0 5 8 7 1 5 4 5 0 2
966 9 6 4 5 8 3 9 9 9 4
967 7 3 8 9 4 2 5 8 8 8
968 6 9 1 5 0 1 8 7 3 7
969 1 5 4 8 9 7 3 3 5 7
970 5 2 9 3 8 7 3 9 2 2
971 7 2 5 1 1 3 3 2 5 0
972 1 4 4 8 3 4 8 3 1 2
973 7 7 0 6 9 2 7 0 4 3
974 9 8 4 4 2 3 4 2 0 7
975 4 9 7 4 5 3 5 9 5 4
976 7 7 1 4 3 2 4 7 8 7
977 6 2 9 6 7 0 0 9 7 6
978 5 9 3 5 7 0 5 8 8 5
979 1 9 1 8 1 8 5 5 3 4
980 2 6 0 5 0 2 5 2 3 2
981 5 9 8 6 1 0 3 5 3 8
982 6 8 9 8 2 4 3 5 4 6
983 0 5 4 0 6 2 7 4 6 9
984 5 0 3 5 1 5 9 1 4 4
985 8 9 3 4 2 8 1 5 0 6
986 7 0 7 3 2 5 1 2 7 7
987 9 1 8 0 6 2 7 2 2 0
988 7 0 8 7 7 0 3 0 2 2
989 3 2 4 6 7 7 4 6 4 7
990 3 9 4 0 8 2 4 2 6 9
991 8 9 3 8 7 7 9 5 7 6
992 9 3 8 8 8 0 1 8 7 0
993 1 0 1 3 1 7 4 0 4 3
994 1 8 9 7 6 2 6 7 8 6
995 6 2 7 0 4 7 5 8 1 9
996 8 8 0 5 3 4 2 6 2 9
997 1 7 1 2 2 5 1 3 2 5
998 1 8 6 3 8 6 6 3 3 7
999 9 2 8 5 3 0 1 6 0 1
1000 2 3 1 7 6 7 1 8 8 0
1001 9 3 8 7 5 2 4 0 8 5
1002 4 7 8 3 5 9 4 9 4 9
1003 1 8 6 3 1 7 6 8 4 6
1004 6 9 4 9 9 5 1 1 7 6
1005 6 1 0 2 6 9 7 1 2 5
1006 4 6 4 2 1 5 8 1 4 0
1007 3 5 4 0 6 9 2 3 3 2
1008 1 8 1 9 0 2 7 2 0 4
1009 7 2 8 2 6 6 4 6 2 6
1010 4 3 2 6 7 8 2 2 0 4
1011 5 2 7 0 4 1 7 7 7 2
1012 5 6 0 0 5 3 4 3 8 8
1013 3 3 8 5 3 6 9 2 8 6
1014 3 1 9 5 9 7 8 9 8 8
1015 1 3 5 8 3 4 2 6 5 4
1016 3 1 4 0 9 1 6 0 0 5
1017 7 8 6 6 6 8 3 5 5 3
1018 7 2 6 8 9 3 7 4 4 7
1019 0 4 4 8 2 8 5 4 4 7
1020 1 0 8 8 1 7 3 0 7 8
1021 2 0 5 8 7 8 6 3 0 8
1022 7 4 1 6 2 6 4 1 3 9
1023 4 4 9 4 4 5 6 4 8 1
1024 3 0 0 9 6 5 3 2 4 0
1025 3 8 7 6 2 0 4 0 8 5
1026 5 2 0 1 0 4 2 0 0 4
1027 2 4 5 7 1 3 9 3 3 6
1028 1 7 6 5 4 9 6 8 0 0
1029 9 6 2 0 8 6 0 4 5 8
1030 5 6 1 0 1 0 8 5 6 1
1031 6 1 1 0 1 9 4 6 5 9
1032 7 7 8 2 9 2 4 2 7 8
1033 1 7 4 7 9 4 9 6 2 5
1034 4 1 7 6 5 4 0 7 3 0
1035 3 1 0 8 0 5 1 0 0 3
1036 7 0 1 6 5 4 7 5 3 6
1037 6 4 7 1 5 1 7 0 3 9
1038 5 1 9 7 0 0 7 5 7 5
1039 1 8 6 5 7 1 8 8 0 2
1040 2 1 7 6 0 7 7 9 5 2
1041 1 0 7 0 1 9 0 4 9 2
1042 2 6 7 5 4 9 5 1 8 3
1043 2 1 8 4 7 2 1 2 5 0
1044 8 1 0 6 1 7 8 0 6 1
1045 6 1 5 4 8 5 5 6 4 3
1046 1 4 7 1 2 9 1 8 1 8
1047 4 3 6 7 6 7 2 2 0 2
1048 9 8 7 2 3 1 1 9 7 8
1049 5 6 2 9 7 8 4 6 8 3
1050 7 8 8 2 4 4 1 6 9 0
1051 0 0 3 5 7 3 0 4 5 7
1052 8 7 1 0 5 8 3 3 5 2
1053 2 6 1 0 9 6 9 9 5 1
1054 1 7 2 1 5 5 6 7 8 1
1055 7 9 1 2 0 8 9 9 0 4
1056 4 4 0 2 6 4 4 6 1 7
1057 1 5 4 6 5 2 8 3 6 9
1058 1 0 9 1 0 5 4 3 3 3
1059 6 4 9 0 1 1 7 8 6 1
1060 1 7 4 7 4 5 9 5 5 9
1061 9 0 5 3 4 6 0 8 6 4
1062 3 5 5 0 9 5 9 5 2 2
1063 2 1 2 5 1 4 3 3 4 7
1064 0 0 6 1 5 4 7 7 5 6
1065 3 7 0 1 9 5 7 1 1 9
1066 1 4 1 6 6 2 7 3 3 4
1067 1 6 6 9 3 8 0 8 3 1
1068 6 8 9 3 7 6 1 2 2 2
1069 4 7 8 4 1 5 5 6 9 6
1070 3 9 2 1 3 4 6 0 0 1
1071 4 8 9 7 3 1 8 4 2 3
1072 4 8 8 2 0 9 0 4 9 0
1073 2 6 2 7 5 7 7 7 3 2
1074 4 0 3 8 5 3 0 6 1 7
1075 6 9 2 5 4 4 7 4 5 2
1076 2 8 2 8 8 5 0 6 6 4
1077 4 2 5 7 6 7 3 8 0 5
1078 7 4 3 1 2 1 8 3 4 2
1079 2 8 1 6 8 8 0 4 2 5
1080 6 6 4 5 0 4 1 4 1 7
1081 3 1 8 9 6 8 0 7 9 9
1082 7 8 5 7 0 0 7 8 7 2
1083 6 0 8 7 7 7 5 9 2 8
1084 3 1 6 2 7 0 8 1 2 7
1085 9 5 7 8 5 4 3 2 5 2
1086 4 7 6 9 2 0 8 2 0 2
1087 3 8 0 8 5 0 2 1 9 5
1088 2 8 3 8 7 2 5 1 3 4
1089 1 4 1 2 3 9 7 9 6 5
1090 6 6 0 5 5 1 7 0 9 4
1091 8 9 7 3 5 9 4 7 2 5
1092 1 8 3 9 3 5 2 9 4 1
1093 0 1 4 4 1 0 0 7 2 1
1094 8 9 9 6 5 5 5 9 7 3
1095 2 2 6 1 6 4 3 0 3 3
1096 4 1 6 4 5 4 0 9 4 5
1097 8 0 4 2 7 8 9 0 5 3
1098 1 9 2 4 3 7 9 1 2 9
1099 6 9 3 9 7 9 3 0 8 6
1100 2 8 6 5 3 0 8 5 8 0
1101 4 7 1 1 7 0 4 6 7 1
1102 3 4 4 8 2 3 6 8 3 9
1103 7 1 4 7 5 9 5 5 6 4
1104 1 3 5 5 4 5 8 8 5 7
1105 8 7 3 5 6 3 8 4 0 8
1106 6 7 2 4 3 9 1 8 0 7
1107 4 9 6 7 7 7 4 8 4 4
1108 8 9 1 8 8 6 3 3 4 5
1109 5 9 6 4 6 6 6 8 9 2
1110 5 1 2 3 8 7 1 5 6 0
1111 4 7 5 5 0 6 5 1 9 9
1112 5 3 3 0 6 1 1 6 2 8
1113 1 4 5 5 4 7 8 8 2 2
1114 6 7 2 5 2 9 1 5 4 1
1115 4 4 8 4 2 3 6 4 8 2
1116 9 1 8 3 4 8 1 7 9 2
1117 2 6 5 5 4 6 2 1 3 3
1118 3 0 5 6 7 6 3 1 7 6
1119 5 3 6 2 5 4 0 9 6 6
1120 5 0 9 8 5 5 4 7 1 1
1121 2 9 0 8 1 3 2 2 7 0
1122 9 1 3 8 8 8 5 2 0 1
1123 6 1 7 7 7 0 1 2 2 9
1124 4 7 5 4 4 4 1 0 6 5
1125 1 2 2 2 1 0 3 8 5 5
1126 5 3 8 3 8 1 7 7 7 0
1127 0 9 4 1 7 3 7 5 0 5
1128 7 2 2 9 2 1 7 6 0 0
1129 5 3 7 6 2 7 0 9 7 9
1130 0 1 8 9 8 2 7 0 1 8
1131 2 3 1 6 5 2 4 5 9 3
1132 2 3 9 6 6 4 7 9 2 1
1133 5 3 6 6 3 5 6 9 2 9
1134 6 2 7 4 3 7 1 7 3 2
1135 7 8 0 6 7 2 4 1 0 7
1136 6 0 7 4 7 5 7 8 3 3
1137 1 1 5 6 4 0 7 6 3 4
1138 4 6 6 7 4 9 3 9 7 4
1139 9 6 9 5 5 5 3 9 0 6
1140 1 8 7 2 8 0 2 7 4 9
1141 8 1 1 5 3 3 0 4 6 4
1142 4 1 0 1 6 6 0 7 1 9
1143 1 0 0 0 7 9 4 6 2 9
1144 7 3 1 4 2 5 5 1 7 2
1145 4 5 2 2 6 9 3 5 0 6
1146 3 4 5 5 9 2 6 4 6 4
1147 8 8 0 3 0 5 9 0 7 1
1148 7 1 5 3 1 2 7 2 7 6
1149 7 1 2 2 8 8 1 0 9 6
1150 2 2 4 4 5 2 9 2 2 0
1151 5 8 1 0 6 9 4 2 3 2
1152 5 3 2 7 0 8 4 7 0 9
1153 5 7 1 1 1 5 8 4 0 4
1154 4 2 3 1 1 3 5 8 3 6
1155 5 3 2 2 0 1 4 5 2 2
1156 3 7 4 9 0 2 2 4 6 8
1157 8 8 7 8 3 1 1 9 6 7
1158 5 9 5 1 3 9 3 6 5 8
1159 4 6 9 3 0 4 6 7 4 6
1160 7 4 7 2 2 8 4 6 5 7
1161 5 8 7 6 4 9 4 2 5 6
1162 7 3 7 5 3 8 9 3 0 8
1163 6 5 5 4 8 0 3 0 2 7
1164 2 1 9 9 2 3 9 1 0 4
1165 9 3 3 7 1 8 1 6 6 1
1166 6 8 6 4 5 1 5 6 6 6
1167 3 5 0 9 5 3 8 5 8 9
1168 3 7 0 5 2 4 4 8 3 1
1169 0 9 2 0 0 0 7 6 7 3
1170 4 1 1 3 4 6 3 8 6 1
1171 4 1 3 4 5 8 3 9 1 8
1172 6 9 5 0 7 3 9 0 1 2
1173 5 7 5 9 3 9 4 6 2 4
1174 2 5 4 7 1 5 7 5 8 4
1175 0 7 0 3 2 3 1 0 6 6
1176 3 7 9 9 0 5 7 5 3 6
1177 9 3 0 0 0 2 3 3 8 0
1178 6 0 6 1 5 2 2 7 6 0
1179 9 8 9 2 8 2 0 8 6 7
1180 8 5 1 4 2 6 3 9 5 2
1181 3 1 9 9 4 9 1 6 9 0
1182 2 0 6 0 2 0 6 8 9 0
1183 9 9 8 2 9 7 1 6 5 8
1184 7 3 8 8 7 4 4 7 5 7
1185 1 2 9 7 7 7 4 0 4 8
1186 8 8 9 4 8 8 5 6 1 7
1187 6 7 4 0 5 8 8 9 6 0
1188 3 2 6 0 0 8 5 1 5 3
1189 2 9 1 8 1 9 9 8 7 4
1190 4 0 1 2 7 4 2 2 9 6
1191 1 0 0 3 4 3 9 3 9 0
1192 7 6 3 4 3 5 9 0 1 5
1193 9 3 4 1 0 0 3 2 1 6
1194 5 9 4 2 5 3 2 6 9 1
1195 0 8 5 1 6 8 0 0 1 4
1196 0 2 8 6 4 7 4 0 6 6
1197 6 9 7 9 9 5 9 9 7 8
1198 7 9 7 0 6 3 8 0 9 6
1199 6 6 7 6 2 8 9 2 4 3
1200 5 9 7 0 7 2 2 3 5 4
1201 3 6 0 4 0 0 0 9 5 4
1202 2 4 8 3 1 7 7 9 4 8
1203 7 3 2 2 3 7 6 7 4 0
1204 3 9 6 3 7 7 4 9 9 1
1205 7 0 2 5 2 9 6 7 2 1
1206 1 4 0 3 0 8 3 5 7 5
1207 8 7 8 5 1 8 7 2 3 4
1208 0 3 5 8 2 7 3 8 0 5
1209 5 6 2 4 0 9 6 6 3 6
1210 5 0 9 5 0 9 9 5 5 3
1211 3 4 9 1 2 9 7 0 3 0
1212 0 5 4 2 9 3 8 7 7 7
1213 7 0 9 1 9 0 8 3 2 9
1214 5 5 8 0 6 8 7 4 0 0
1215 3 3 9 1 3 7 1 1 9 7
1216 2 5 6 4 1 8 6 9 9 3
1217 2 7 1 0 9 1 1 4 0 2
1218 7 2 1 3 3 0 4 8 1 1
1219 2 4 8 4 3 3 7 3 4 3
1220 7 1 5 0 2 4 7 6 0 5
1221 7 6 9 2 2 1 5 0 6 5
1222 4 4 6 6 3 6 5 5 7 5
1223 1 8 9 4 2 3 8 2 9 2
1224 8 5 1 8 1 3 6 0 9 4
1225 2 6 4 0 8 3 9 9 2 4
1226 4 0 2 3 3 1 7 4 9 2
1227 4 1 7 3 8 5 7 9 1 2
1228 1 3 4 9 3 4 3 7 2 7
1229 8 6 0 2 8 0 0 5 6 0
1230 2 1 1 6 0 1 8 4 8 7
1231 0 1 5 8 9 7 3 6 4 4
1232 9 7 4 3 5 6 1 8 7 9
1233 4 6 2 2 6 1 6 7 6 2
1234 8 6 9 5 8 8 3 8 5 2
1235 8 2 1 0 8 9 0 1 9 5
1236 1 4 1 1 6 9 8 7 9 4
1237 2 6 6 5 3 8 9 6 9 2
1238 2 0 8 7 7 3 8 7 0 1
1239 9 1 3 4 9 8 7 5 0 2
1240 4 4 8 7 4 7 2 6 6 2
1241 8 2 3 3 5 9 9 8 1 1
1242 0 1 2 9 7 4 5 8 7 0
1243 4 2 2 7 5 3 1 5 9 6
1244 0 0 4 7 0 7 3 1 8 4
1245 2 2 9 8 2 3 4 8 5 2
1246 2 3 9 8 8 9 3 5 7 3
1247 2 0 3 7 0 0 7 0 0 7
1248 7 9 9 2 9 7 8 1 6 0
1249 9 7 6 1 4 7 0 4 9 4
1250 5 6 9 3 1 0 9 2 6 0
1251 8 2 5 3 1 4 0 6 0 7
1252 2 7 2 6 6 9 1 7 9 2
1253 3 3 7 3 1 5 3 2 5 2
1254 3 3 9 5 5 0 5 6 8 2
1255 8 8 4 7 8 7 1 6 3 3
1256 5 3 4 3 5 4 8 2 8 4
1257 6 2 3 4 3 8 8 2 6 5
1258 1 5 1 7 5 3 7 7 5 3
1259 5 7 5 2 3 5 1 1 4 9
1260 7 4 5 3 3 2 7 6 0 5
1261 2 6 6 5 8 4 8 1 4 1
1262 1 6 6 9 4 2 5 0 2 0
1263 7 5 3 7 2 4 5 0 8 0
1264 6 7 5 5 3 6 5 6 6 9
1265 5 6 3 9 7 4 4 1 1 9
1266 7 5 8 8 8 2 2 1 3 9
1267 2 9 5 0 9 2 0 8 8 8
1268 3 0 7 8 7 7 2 9 7 6
1269 1 6 4 6 3 4 3 3 0 7
1270 4 5 5 6 4 1 9 7 8 2
1271 2 3 0 7 1 0 4 9 3 1
1272 8 2 8 9 4 6 6 2 1 5
1273 7 2 4 5 2 1 0 3 6 0
1274 2 9 8 6 1 1 7 6 6 8
1275 1 5 6 1 2 8 2 0 5 6
1276 2 2 3 9 5 7 4 3 7 9
1277 1 3 6 1 9 7 6 2 7 4
1278 3 8 7 7 5 7 5 9 2 5
1279 5 4 5 2 8 2 4 7 5 4
1280 9 4 3 5 6 5 3 4 2 1
1281 5 5 2 3 4 0 3 2 5 3
1282 2 8 7 6 6 3 6 5 0 8
1283 3 8 6 9 2 6 3 4 0 2
1284 8 9 2 8 3 2 1 8 5 4
1285 2 1 8 0 8 8 6 1 6 3
1286 2 5 9 9 6 0 5 2 6 1
1287 6 8 8 1 6 6 5 9 8 5
1288 6 5 0 3 4 8 4 2 7 5
1289 3 3 0 3 2 2 7 2 7 6
1290 2 4 6 1 5 8 8 8 3 5
1291 4 4 5 0 8 9 8 9 0 8
1292 6 3 0 8 8 1 6 8 3 7
1293 1 7 8 8 6 0 1 7 8 8
1294 4 6 7 2 1 2 6 7 5 0
1295 2 8 1 1 8 6 2 7 5 0
1296 0 3 5 8 6 8 1 6 1 4
1297 0 8 5 2 6 8 5 1 4 5
1298 0 0 7 0 4 1 2 9 7 9
1299 9 6 8 8 3 3 0 9 6 0
1300 2 1 4 7 8 6 7 3 0 1
1301 0 1 7 5 3 7 8 2 5 1
1302 9 1 2 0 8 4 8 1 4 2
1303 0 5 1 9 2 1 3 9 6 6
1304 0 3 5 6 9 7 6 0 3 1
1305 4 9 9 4 4 9 3 4 5 5
1306 2 9 4 4 9 1 2 0 1 8
1307 9 4 4 9 0 9 2 5 5 9
1308 4 7 6 1 2 8 2 3 9 2
1309 8 2 8 1 2 6 8 0 9 7
1310 4 4 3 5 1 6 8 0 8 1
1311 0 5 0 8 8 9 9 8 5 4
1312 3 5 6 9 0 0 2 2 5 8
1313 4 1 9 5 7 2 4 4 2 7
1314 4 4 8 9 9 1 3 9 2 8
1315 2 7 8 2 8 4 3 9 8 0
1316 3 2 9 5 2 6 2 3 7 4
1317 2 4 1 9 6 5 6 2 9 0
1318 0 5 3 6 0 5 2 9 8 9
1319 0 8 0 4 0 1 2 7 1 1
1320 8 9 6 4 9 1 5 6 6 4
1321 7 6 7 2 5 2 0 8 1 8
1322 7 3 0 5 2 4 7 3 9 8
1323 5 8 7 0 3 3 6 8 3 0
1324 2 9 1 6 7 0 9 8 5 3
1325 8 3 7 7 3 1 2 8 8 7
1326 0 3 0 2 4 2 2 9 7 9
1327 2 4 3 5 9 3 8 8 6 8
1328 3 0 2 4 4 0 2 1 9 4
1329 7 7 1 7 2 1 1 2 0 3
1330 5 7 6 9 4 8 2 8 1 7
1331 0 8 9 8 4 2 4 8 1 3
1332 9 8 6 6 6 9 9 4 6 8
1333 3 9 9 2 3 2 0 6 1 5
1334 9 9 9 4 5 3 8 9 7 9
1335 8 0 7 5 5 1 1 7 8 2
1336 9 2 9 4 9 0 3 3 9 7
1337 0 4 0 5 0 3 4 0 7 5
1338 3 3 2 4 9 1 8 5 0 0
1339 8 2 9 0 1 5 5 7 4 4
1340 7 1 4 5 2 3 6 5 6 2
1341 9 1 5 5 8 2 8 9 0 5
1342 2 5 5 3 7 3 2 6 0 0
1343 3 1 2 1 2 8 1 4 5 7
1344 2 4 4 0 1 2 7 5 2 2
1345 6 8 3 9 5 3 6 5 7 9
1346 7 4 3 5 1 3 0 9 4 0
1347 4 2 3 5 1 7 7 3 2 4
1348 8 1 8 8 2 7 1 4 1 9
1349 0 5 2 6 0 0 9 4 7 8
1350 8 8 4 2 6 8 1 4 2 9
1351 3 7 8 7 6 8 1 5 0 0
1352 6 3 2 3 0 6 9 7 3 4
1353 2 9 8 3 4 6 1 8 5 9
1354 0 2 6 2 3 4 5 4 9 6
1355 6 2 6 2 7 9 3 4 5 1
1356 5 4 4 2 6 8 4 1 1 1
1357 9 0 5 9 5 8 1 3 3 4
1358 3 4 3 7 6 4 3 5 0 8
1359 3 2 6 1 3 6 5 0 1 7
1360 6 4 1 5 4 3 1 2 9 5
1361 4 6 9 5 6 0 1 2 9 2
1362 5 0 3 3 9 4 9 2 8 0
1363 0 7 1 2 7 0 1 1 3 5
1364 1 8 7 6 3 8 8 6 8 1
1365 0 8 3 2 3 6 4 6 3 7
1366 9 3 4 5 0 7 1 5 0 4
1367 3 6 6 7 5 0 2 9 3 7
1368 5 5 6 2 6 6 4 2 9 1
1369 8 3 7 4 0 3 3 4 2 9
1370 6 1 6 0 8 6 4 4 5 3
1371 4 8 8 8 1 6 7 7 5 0
1372 6 8 8 6 4 1 0 0 6 8
1373 3 9 7 1 0 8 0 2 7 7
1374 8 8 4 5 6 4 6 1 2 4
1375 6 7 7 2 6 5 5 5 1 8
1376 7 5 8 8 8 8 1 5 6 2
1377 6 3 1 9 7 1 1 9 4 7
1378 9 7 8 3 7 9 2 9 3 9
1379 7 5 7 3 3 7 3 5 6 1
1380 6 8 3 3 4 2 7 8 3 7
1381 1 5 9 1 7 7 3 2 9 7
1382 3 9 5 7 1 3 8 4 5 6
1383 0 1 8 9 3 1 5 6 8 3
1384 0 7 7 9 7 8 7 1 1 9
1385 8 7 9 2 0 8 9 1 6 0
1386 6 7 8 4 9 3 8 4 9 3
1387 3 5 3 7 0 1 2 1 7 8
1388 3 3 6 1 2 3 5 4 1 6
1389 9 4 8 9 7 8 6 1 6 5
1390 4 9 0 3 9 5 7 3 8 7
1391 0 6 5 5 1 8 0 1 1 2
1392 0 4 8 7 0 6 3 4 1 1
1393 7 0 4 2 2 0 5 0 7 6
1394 8 2 0 2 4 6 5 5 1 1
1395 2 4 5 7 8 6 2 7 5 5
1396 9 3 1 4 3 7 2 4 1 6
1397 2 5 2 8 8 9 6 0 5 1
1398 7 5 1 7 1 8 2 7 2 4
1399 9 7 6 7 6 1 7 4 0 0
1400 0 0 9 5 9 7 7 6 2 1
1401 4 3 6 2 8 5 4 0 9 3
1402 9 8 7 9 9 9 7 7 2 1
1403 2 3 4 6 2 5 7 4 1 9
1404 8 0 2 2 2 8 2 9 7 1
1405 0 5 1 9 2 8 8 0 7 7
1406 7 4 2 7 8 3 0 7 4 5
1407 2 7 2 7 7 1 8 3 6 2
1408 5 5 9 7 9 3 8 6 4 3
1409 2 3 8 5 0 1 9 2 2 3
1410 9 8 0 4 5 7 0 8 4 1
1411 8 3 0 1 0 1 3 8 7 3
1412 5 1 9 4 9 7 0 4 0 5
1413 4 5 7 9 0 4 2 3 4 3
1414 6 3 4 7 5 8 8 0 3 7
1415 2 5 3 9 6 6 7 6 6 4
1416 9 3 6 8 0 4 9 6 3 8
1417 4 5 2 1 7 8 8 9 0 4
1418 0 7 1 2 1 5 5 3 8 8
1419 9 8 7 2 3 5 8 2 2 8
1420 1 8 0 4 4 8 2 0 8 2
1421 9 7 7 5 2 2 3 7 4 9
1422 9 8 0 5 7 8 7 8 4 7
1423 6 4 3 6 0 0 9 5 4 4
1424 5 3 6 3 0 3 3 4 2 7
1425 6 6 4 6 8 3 4 9 9 9
1426 9 4 7 0 0 9 9 5 6 4
1427 9 7 7 5 2 4 8 7 2 4
1428 3 3 2 8 3 0 0 9 1 8
1429 2 6 3 0 8 6 7 9 1 7
1430 1 5 7 1 3 9 5 0 2 2
1431 0 1 1 0 6 5 2 1 1 0
1432 1 4 2 5 2 1 9 2 3 6
1433 3 2 1 6 7 2 6 3 5 3
1434 4 2 4 9 2 5 0 3 7 0
1435 0 4 6 3 4 8 2 5 7 1
1436 1 3 7 2 9 6 5 8 0 3
1437 6 0 7 0 1 0 9 6 1 3
1438 0 0 0 8 5 7 0 0 4 4
1439 1 9 2 0 2 1 7 7 1 3
1440 1 3 7 3 5 4 4 8 7 0
1441 9 1 8 6 4 8 1 2 0 4
1442 6 9 4 1 6 6 9 0 9 0
1443 1 5 6 3 2 5 1 4 9 7
1444 2 1 9 5 1 6 6 4 9 4
1445 9 5 6 0 2 0 0 8 9 9
1446 3 7 7 9 6 5 0 7 1 4
1447 4 1 2 2 8 5 2 0 0 1
1448 6 1 6 1 7 5 6 2 5 9
1449 7 6 8 4 2 0 0 0 7 4
1450 9 3 4 4 6 7 7 8 3 1
1451 3 0 4 0 1 3 0 6 1 2
1452 8 5 7 8 9 9 8 3 4 0
1453 5 0 7 1 3 6 9 7 4 9
1454 1 6 4 7 5 8 5 2 0 5
1455 5 0 5 5 1 1 2 4 3 6
1456 0 9 3 6 5 6 0 4 6 1
1457 1 1 8 0 0 5 7 0 1 8
1458 1 6 9 5 4 0 2 3 6 7
1459 4 3 5 8 3 0 3 8 7 4
1460 2 5 4 5 8 7 5 0 5 8
1461 2 4 8 2 5 8 0 3 2 9
1462 9 1 0 6 8 0 3 6 4 9
1463 7 5 5 4 2 3 2 0 9 1
1464 5 2 0 6 8 0 2 1 6 5
1465 5 2 3 0 6 5 6 2 8 9
1466 9 1 5 3 7 7 0 0 7 2
1467 6 1 4 4 4 6 2 9 1 9
1468 2 0 2 1 8 7 8 2 8 7
1469 3 6 6 3 1 5 5 6 3 5
1470 6 9 1 8 3 8 8 3 4 8
1471 2 4 1 0 7 0 6 9 9 5
1472 4 7 4 7 4 4 2 0 8 2
1473 9 0 1 1 5 4 1 8 3 2
1474 1 3 3 9 4 2 9 5 3 7
1475 4 5 7 3 5 8 8 5 8 6
1476 5 7 9 2 4 6 3 9 6 5
1477 4 9 8 5 4 0 5 3 6 8
1478 6 1 6 2 7 7 2 5 3 1
1479 9 5 6 3 4 2 7 5 3 1
1480 2 8 0 9 6 3 9 4 1 0
1481 6 4 3 5 9 0 0 8 9 9
1482 0 5 1 9 8 4 2 1 4 3
1483 6 0 3 4 9 1 6 4 2 5
1484 8 8 4 4 0 1 1 6 6 2
1485 4 0 0 0 1 4 9 6 7 5
1486 3 1 5 7 6 7 5 0 2 2
1487 6 2 2 0 9 3 0 5 5 7
1488 2 7 9 6 0 0 5 1 1 6
1489 6 7 4 9 4 4 4 8 3 9
1490 3 3 9 7 8 2 0 2 1 4
1491 6 5 6 0 6 0 2 3 1 8
1492 3 9 5 0 4 8 7 7 6 9
1493 9 6 1 2 9 4 1 4 8 4
1494 0 1 0 6 7 1 2 3 4 0
1495 4 5 2 4 4 0 6 9 4 2
1496 4 2 0 6 1 9 7 5 8 7
1497 1 8 4 0 2 4 0 2 8 2
1498 3 3 7 9 4 1 8 5 1 9
1499 7 6 0 3 2 7 5 3 9 7
1500 5 7 0 2 5 1 6 4 1 4
1501 9 6 7 5 7 6 2 9 1 0
1502 3 9 0 1 3 7 6 1 6 2
1503 7 6 5 9 2 2 1 7 4 7
1504 2 0 8 4 3 9 6 0 4 4
1505 4 2 2 2 0 5 9 8 6 4
1506 3 1 5 0 0 9 9 5 3 5
1507 6 5 9 4 1 3 7 0 4 6
1508 0 1 4 8 5 9 8 8 4 7
1509 2 4 5 7 0 3 0 1 2 0
1510 4 3 8 4 4 4 4 6 6 7
1511 6 1 3 1 5 2 1 6 6 4
1512 3 8 6 0 3 0 0 1 6 6
1513 7 3 4 4 9 1 3 6 1 1
1514 9 3 5 0 3 0 0 0 9 4
1515 3 5 2 8 2 5 1 0 7 2
1516 1 2 2 0 9 3 8 6 0 3
1517 4 6 9 3 5 0 4 0 5 9
1518 8 6 2 0 4 7 0 8 7 2
1519 1 1 1 3 2 7 2 8 5 0
1520 7 0 6 7 4 3 3 1 3 1
1521 7 4 7 8 4 4 4 2 5 0
1522 9 7 3 1 2 2 9 0 7 5
1523 6 2 8 0 6 4 4 1 5 1
1524 1 1 1 5 4 1 3 5 3 6
1525 8 6 6 9 5 4 8 9 5 8
1526 4 4 2 7 4 4 9 8 8 5
1527 8 9 7 4 9 6 8 5 4 5
1528 6 6 2 8 7 3 0 1 5 0
1529 1 8 8 5 0 1 6 8 7 8
1530 3 5 7 9 0 2 6 2 9 0
1531 1 5 3 4 3 0 7 8 8 8
1532 1 8 1 9 2 6 0 3 1 0
1533 3 3 5 7 4 4 1 7 6 1
1534 9 5 8 0 2 8 7 2 3 5
1535 9 3 7 4 8 7 8 4 7 3
1536 2 4 2 9 0 9 6 1 0 8
1537 4 7 7 8 4 2 7 6 8 0
1538 8 1 8 5 3 3 1 9 8 2
1539 0 4 9 6 5 8 9 7 5 9
1540 6 2 8 3 4 4 3 1 2 8
1541 1 0 6 3 3 9 3 3 5 1
1542 2 6 5 4 6 6 8 8 0 5
1543 4 4 5 3 1 7 0 2 1 7
1544 8 2 2 1 0 9 7 6 2 1
1545 6 4 9 4 7 6 1 7 7 9
1546 5 1 3 3 1 4 3 1 8 0
1547 7 5 4 4 9 1 5 8 9 3
1548 8 2 0 3 6 9 9 3 7 6
1549 3 1 2 4 6 2 0 1 9 6
1550 3 3 6 6 2 6 8 5 6 2
1551 7 6 0 1 3 1 4 5 0 5
1552 2 6 1 5 3 6 7 6 0 9
1553 1 7 7 7 3 0 3 3 6 8
1554 9 7 7 1 4 5 7 3 8 0
1555 6 1 9 8 5 1 9 0 7 5
1556 8 1 1 3 7 8 6 3 7 0
1557 2 7 9 9 5 8 2 2 2 3
1558 6 2 6 8 0 9 9 2 9 4
1559 9 6 4 0 3 7 7 6 5 3
1560 5 6 2 5 6 1 6 7 7 5
1561 2 9 0 3 3 8 4 6 7 9
1562 5 0 6 3 9 0 6 9 0 1
1563 7 3 8 2 2 6 3 6 6 3
1564 9 8 4 6 8 2 5 8 4 8
1565 6 9 7 2 9 9 8 2 2 0
1566 6 4 9 7 3 9 4 0 3 2
1567 2 5 5 5 0 8 4 9 8 3
1568 9 5 2 1 0 2 5 0 1 4
1569 4 0 0 1 4 9 5 8 7 8
1570 4 9 7 3 2 4 5 0 4 4
1571 2 6 2 9 5 0 7 2 1 6
1572 0 8 5 4 8 0 0 0 2 4
1573 0 5 7 1 7 0 7 2 5 0
1574 5 6 8 8 5 2 6 2 9 2
1575 4 4 2 3 3 3 0 1 8 9
1576 7 0 5 1 4 3 4 5 2 7
1577 9 1 4 9 7 4 5 0 4 1
1578 6 4 5 9 4 3 4 2 7 7
1579 2 0 1 3 2 8 3 6 3 1
1580 3 9 6 4 8 6 7 7 0 9
1581 7 5 1 2 7 8 0 8 0 2
1582 8 4 6 9 1 7 5 5 0 0
1583 3 0 8 1 6 2 2 5 7 4
1584 5 2 1 4 5 4 5 6 4 6
1585 9 1 4 9 0 3 5 2 9 1
1586 9 3 0 1 4 1 4 6 9 8
1587 9 3 7 7 1 9 0 2 8 9
1588 3 9 0 3 8 5 7 1 2 6
1589 0 6 2 7 6 6 7 9 3 3
1590 1 5 6 2 8 7 7 9 1 5
1591 9 2 9 7 7 8 9 3 6 4
1592 0 8 8 8 2 5 2 3 9 8
1593 8 1 4 8 3 9 8 9 7 6
1594 5 6 4 6 7 6 2 2 0 8
1595 8 3 1 1 3 5 2 1 9 1
1596 7 5 6 6 8 5 9 9 7 8
1597 8 3 5 6 1 1 4 9 0 8
1598 8 7 9 9 0 4 2 5 8 7
1599 4 1 7 5 9 2 1 2 1 8
1600 3 4 5 9 6 7 4 5 1 0
1601 2 4 0 7 6 5 5 7 3 8
1602 5 2 1 1 0 3 3 6 3 6
1603 4 4 2 9 9 2 3 4 5 9
1604 8 8 5 7 6 4 9 8 8 9
1605 7 7 2 2 2 6 6 0 9 2
1606 5 3 3 1 5 0 4 8 2 0
1607 5 4 2 2 9 0 5 0 9 5
1608 6 9 3 3 3 1 8 1 2 4
1609 1 1 2 1 2 1 5 6 0 5
1610 3 9 9 1 5 9 2 0 5 9
1611 7 0 2 8 6 6 3 0 5 1
1612 2 5 0 3 3 3 7 0 3 1
1613 4 8 0 5 9 0 2 8 7 9
1614 7 0 3 6 4 5 1 1 6 1
1615 9 8 7 3 2 0 1 2 7 3
1616 3 7 2 4 8 0 6 1 0 7
1617 9 3 7 0 7 1 7 5 7 4
1618 9 8 4 7 4 3 5 4 8 8
1619 3 8 5 7 6 6 3 0 5 0
1620 9 3 9 3 3 7 7 1 5 6
1621 0 0 8 4 7 5 2 9 5 3
1622 4 6 2 3 1 0 3 7 2 3
1623 4 1 1 0 3 4 9 8 0 7
1624 8 2 2 5 6 0 5 8 8 3
1625 4 9 1 7 6 5 0 3 8 0
1626 4 6 5 8 6 0 4 4 9 2
1627 9 8 4 5 4 1 5 5 2 3
1628 8 8 8 3 5 9 8 4 2 3
1629 1 9 1 7 8 5 2 9 7 1
1630 9 6 1 3 0 7 2 7 0 7
1631 1 8 6 7 6 7 8 6 3 4
1632 4 0 9 3 0 4 1 1 9 7
1633 4 3 4 5 1 0 5 5 8 9
1634 5 4 5 9 0 0 3 5 6 6
1635 8 4 5 9 0 1 8 5 1 3
1636 6 0 1 1 6 6 9 9 2 2
1637 2 9 4 8 8 2 3 8 4 2
1638 8 3 0 8 7 6 8 0 0 1
1639 2 5 1 5 0 8 4 1 9 3
1640 1 5 9 0 4 1 4 6 2 9
1641 1 2 6 3 0 5 3 0 0 6
1642 2 4 0 9 2 2 0 7 8 3
1643 5 3 3 4 2 3 3 6 4 2
1644 3 2 6 6 2 8 1 4 2 2
1645 3 0 4 1 2 8 0 8 9 1
1646 0 3 9 8 0 7 0 2 0 8
1647 5 1 2 7 2 5 5 8 3 0
1648 9 0 1 0 9 1 5 9 3 5
1649 9 2 1 0 4 4 2 5 6 0
1650 4 6 7 3 3 0 0 2 4 1
1651 9 9 8 0 8 1 2 5 1 1
1652 3 1 3 7 3 2 9 9 5 8
1653 3 9 6 7 7 5 6 9 3 0
1654 1 4 2 8 7 1 6 6 2 5
1655 5 9 7 1 5 3 2 6 8 1
1656 0 4 5 3 0 1 5 3 9 5
1657 8 0 5 9 6 1 2 4 3 4
1658 6 2 5 5 1 8 0 9 1 0
1659 4 7 6 1 6 9 0 3 1 6
1660 6 4 7 7 4 5 8 0 2 4
1661 1 2 1 1 6 2 1 4 2 5
1662 4 1 0 2 9 0 1 7 2 8
1663 7 3 5 0 7 9 9 4 4 4
1664 9 7 7 8 5 7 3 3 2 3
1665 6 7 3 7 8 0 3 8 0 7
1666 1 6 3 0 0 2 1 6 9 8
1667 4 9 3 1 7 7 4 1 7 8
1668 4 9 8 9 6 9 6 9 4 9
1669 2 3 7 0 9 6 6 6 9 9
1670 4 8 9 7 3 8 6 5 3 7
1671 4 6 3 3 5 7 6 5 3 7
1672 3 8 4 5 4 1 0 1 1 2
1673 8 3 8 4 9 4 0 7 5 3
1674 1 8 0 6 3 3 1 3 1 0
1675 1 6 9 2 9 5 4 3 4 8
1676 4 3 6 1 0 1 0 8 4 1
1677 0 7 3 3 9 0 9 0 1 3
1678 1 8 2 4 8 4 1 0 4 4
1679 3 0 1 2 2 5 7 2 9 7
1680 9 2 1 7 0 1 9 1 9 8
1681 1 5 9 0 4 2 1 6 1 2
1682 1 5 4 7 4 7 5 5 8 4
1683 9 8 0 9 0 3 1 1 8 9
1684 7 5 5 4 4 7 6 8 4 4
1685 6 7 3 7 2 5 9 1 0 3
1686 3 9 5 0 6 0 4 3 9 7
1687 7 7 2 9 6 5 6 5 3 7
1688 8 8 7 3 0 8 3 5 4 8
1689 0 1 5 5 7 6 9 7 2 9
1690 6 5 5 4 6 6 3 2 7 5
1691 8 6 1 1 4 0 8 9 9 0
1692 2 8 1 2 8 4 7 0 3 5
1693 7 6 9 9 0 5 5 7 2 6
1694 6 4 8 8 9 9 7 1 1 3
1695 3 1 4 9 6 5 6 9 4 2
1696 4 8 2 3 0 6 8 9 0 6
1697 0 0 0 2 6 5 9 6 2 3
1698 0 4 6 0 2 7 5 5 1 8
1699 8 4 3 0 1 5 3 9 4 8
1700 8 2 4 1 8 8 7 0 7 7
1701 2 6 3 1 0 5 5 5 9 9
1702 7 7 6 3 6 4 8 1 8 4
1703 4 4 3 0 5 1 1 1 7 9
1704 4 5 0 5 8 3 8 2 6 4
1705 5 1 9 2 0 5 4 2 9 4
1706 0 2 3 7 1 7 6 5 9 1
1707 1 8 7 6 2 2 3 8 6 1
1708 9 0 8 7 3 9 3 7 2 5
1709 8 3 4 0 9 9 9 3 5 9
1710 9 1 3 3 8 8 7 8 6 4
1711 7 9 3 0 7 6 4 9 5 8
1712 9 9 2 9 5 5 8 9 8 8
1713 3 9 1 9 9 6 4 1 6 1
1714 8 9 2 1 8 0 9 3 9 8
1715 9 0 9 0 1 1 0 1 4 9
1716 7 7 7 7 4 7 6 7 4 4
1717 2 8 1 8 0 7 9 8 2 1
1718 5 1 7 7 1 9 7 0 2 6
1719 9 6 2 8 8 9 7 3 5 0
1720 4 2 5 6 7 4 7 9 3 4
1721 5 5 5 7 8 2 6 9 4 1
1722 5 3 3 5 6 6 2 1 4 9
1723 5 8 5 4 2 4 1 7 2 5
1724 7 8 1 9 4 5 1 5 3 4
1725 5 7 2 3 8 8 8 1 3 2
1726 8 0 5 6 6 5 5 9 2 7
1727 1 4 2 5 5 7 5 5 3 6
1728 9 3 9 2 9 1 9 9 5 2
1729 6 0 5 0 3 5 8 9 0 7
1730 3 7 2 2 0 2 4 5 9 2
1731 1 8 0 7 2 4 5 7 8 8
1732 6 3 6 1 8 4 7 3 7 0
1733 6 3 8 1 0 5 0 3 9 6
1734 4 0 6 3 7 0 8 1 9 4
1735 7 4 2 4 1 5 0 1 4 1
1736 2 8 2 4 4 1 3 0 5 4
1737 4 4 2 3 3 3 8 4 1 6
1738 6 1 0 9 8 5 0 1 5 0
1739 4 5 0 8 8 1 1 4 7 8
1740 0 2 8 4 9 9 8 0 6 1
1741 3 5 5 3 4 8 7 3 4 6
1742 1 5 7 5 8 4 6 9 8 7
1743 2 8 5 6 3 9 4 5 5 3
1744 3 9 7 1 2 0 5 8 4 8
1745 4 3 9 1 9 7 7 3 8 8
1746 3 0 0 7 1 6 0 2 6 5
1747 6 1 1 8 5 3 1 3 6 7
1748 8 4 4 4 0 7 3 2 2 0
1749 1 2 8 2 9 7 9 5 4 3
1750 9 3 6 3 9 4 4 8 5 5
1751 8 9 7 3 6 7 9 8 9 1
1752 3 8 4 5 1 0 4 8 5 5
1753 4 3 8 9 8 5 1 9 8 8
1754 5 4 3 4 4 6 4 3 1 5
1755 4 3 5 9 1 3 8 4 8 9
1756 5 1 1 2 7 5 6 0 2 2
1757 5 6 1 8 3 6 2 7 4 8
1758 0 4 2 5 1 2 8 1 8 5
1759 3 8 0 7 0 9 2 9 5 0
1760 4 3 0 2 0 8 1 1 5 6
1761 9 2 6 3 5 9 1 3 0 3
1762 5 6 9 6 6 4 1 8 4 4
1763 3 3 2 1 2 5 0 2 6 5
1764 2 9 0 8 1 2 2 9 6 2
1765 1 4 5 7 5 0 9 1 6 3
1766 5 1 6 8 2 5 9 7 1 4
1767 7 6 2 0 0 7 4 9 6 1
1768 6 7 6 0 6 1 4 2 8 2
1769 6 3 4 1 2 3 0 1 4 7
1770 0 5 0 8 3 7 5 6 7 5
1771 4 9 8 6 9 7 4 1 6 8
1772 6 4 5 6 8 5 5 5 7 9
1773 0 0 8 6 0 1 7 6 5 5
1774 6 5 1 8 7 7 2 9 6 7
1775 1 8 6 9 0 2 3 6 6 6
1776 2 6 7 3 5 8 5 6 2 9
1777 2 3 6 1 1 3 4 1 7 4
1778 2 9 6 5 1 0 5 7 6 8
1779 2 9 0 3 7 8 2 7 6 5
1780 6 4 8 4 2 9 8 7 6 0
1781 3 0 6 8 9 5 0 2 4 5
1782 4 2 2 9 8 6 0 2 1 9
1783 2 1 6 4 9 9 8 8 5 8
1784 5 9 5 5 5 8 0 1 2 8
1785 2 7 0 4 7 0 2 5 4 0
1786 7 9 3 0 5 9 7 3 4 6
1787 5 7 7 6 6 8 5 3 7 5
1788 8 3 6 1 0 1 4 7 2 7
1789 9 9 8 7 4 2 2 9 2 3
1790 0 1 7 3 6 4 0 2 3 9
1791 2 4 8 5 6 4 2 3 3 8
1792 7 9 2 4 1 6 6 4 3 0
1793 4 6 5 8 4 2 8 1 6 1
1794 8 9 7 1 2 1 6 4 4 6
1795 3 1 2 2 8 7 1 2 2 0
1796 7 1 5 3 9 7 7 8 0 6
1797 4 0 7 6 0 1 0 8 3 0
1798 7 0 1 5 9 6 8 5 4 1
1799 8 6 3 1 5 0 2 4 7 6
1800 1 7 9 3 6 4 5 7 8 3
1801 0 5 4 0 4 1 6 9 5 1
1802 2 4 7 7 7 9 4 3 8 9
1803 9 5 5 6 3 0 1 5 3 8
1804 4 0 1 7 0 5 0 5 7 8
1805 8 3 2 8 8 3 4 4 0 4
1806 6 7 8 2 6 7 2 4 9 6
1807 0 2 1 1 6 5 6 1 5 8
1808 3 5 7 7 6 5 3 9 0 1
1809 0 7 3 2 5 5 5 8 0 4
1810 6 0 7 6 6 5 2 6 6 7
1811 6 8 2 6 4 9 8 9 8 0
1812 7 2 9 6 0 7 3 6 8 7
1813 6 9 3 5 1 0 3 1 2 5
1814 6 4 9 9 7 7 7 0 7 1
1815 3 7 6 5 5 3 7 1 9 7
1816 7 0 0 7 2 3 7 8 8 5
1817 2 0 6 6 7 5 7 4 4 0
1818 1 9 3 1 0 5 7 7 9 5
1819 8 3 4 7 5 4 5 3 2 9
1820 4 0 7 9 5 2 8 6 7 2
1821 1 6 8 4 0 1 4 0 2 4
1822 9 1 2 7 6 6 3 9 4 5
1823 9 8 2 3 6 9 4 5 2 6
1824 9 4 2 3 6 4 1 2 3 1
1825 7 3 6 3 9 2 2 3 0 2
1826 3 9 2 2 0 9 1 9 2 0
1827 7 7 4 4 5 9 6 8 4 4
1828 0 1 7 1 3 6 2 4 6 7
1829 5 1 9 2 6 7 1 8 2 2
1830 5 5 9 5 2 3 6 1 9 0
1831 3 9 6 5 6 3 8 2 0 1
1832 3 8 2 9 4 0 2 9 8 7
1833 9 8 8 0 7 9 9 0 8 8
1834 7 4 6 2 1 3 6 5 5 0
1835 8 9 5 0 1 4 8 5 0 0
1836 4 3 1 6 0 3 5 3 7 5
1837 5 2 5 4 0 2 5 8 2 5
1838 8 8 7 4 3 4 0 4 7 8
1839 3 0 7 2 1 6 9 2 9 8
1840 3 9 2 4 6 6 3 4 7 9
1841 9 4 0 3 5 1 3 5 4 7
1842 8 9 5 9 0 0 5 1 4 0
1843 3 8 3 1 8 6 1 9 5 3
1844 8 6 1 9 9 0 3 8 7 4
1845 4 2 3 3 1 9 2 4 7 1
1846 1 0 8 3 2 2 8 0 3 8
1847 7 3 2 1 0 7 1 3 7 1
1848 2 9 0 9 0 7 7 9 0 4
1849 0 4 6 1 5 8 2 4 8 4
1850 1 2 8 6 1 5 5 4 6 9
1851 6 9 7 8 7 6 7 8 8 3
1852 9 9 3 2 9 3 0 4 8 9
1853 2 1 9 4 3 0 6 1 3 4
1854 3 9 9 1 1 8 5 5 0 8
1855 3 6 7 8 5 0 5 6 2 9
1856 9 2 6 2 7 9 2 2 4 7
1857 6 9 8 7 0 9 7 7 8 4
1858 3 9 0 9 3 9 5 1 1 1
1859 4 5 7 0 7 8 7 0 4 2
1860 3 1 9 4 0 9 8 5 7 7
1861 7 1 1 9 8 1 4 0 6 0
1862 7 2 2 1 8 0 9 4 4 1
1863 3 1 1 6 7 6 1 6 3 5
1864 4 9 2 1 1 0 1 0 7 5
1865 6 4 3 7 2 4 4 1 8 8
1866 5 2 6 7 9 1 3 8 8 8
1867 0 2 7 5 6 2 9 6 2 8
1868 3 4 5 1 9 9 4 9 1 0
1869 7 6 5 5 5 9 8 7 8 2
1870 6 5 7 8 4 5 7 8 5 3
1871 2 0 6 8 0 3 1 4 2 1
1872 5 6 9 6 4 4 3 6 1 1
1873 5 6 6 0 4 1 8 8 0 6
1874 3 7 7 2 5 0 9 9 0 6
1875 5 5 1 5 9 7 9 3 3 4
1876 3 2 8 0 0 7 2 5 6 6
1877 3 9 0 5 7 4 5 6 4 5
1878 3 9 3 4 4 9 5 2 7 3
1879 6 7 8 3 3 4 5 3 6 8
1880 3 4 0 4 1 1 8 2 0 3
1881 1 5 8 7 9 3 9 9 0 5
1882 2 7 9 2 0 1 6 6 3 1
1883 1 7 8 2 8 5 6 2 6 4
1884 6 9 6 5 4 6 4 5 3 5
1885 2 2 7 8 4 5 9 5 7 6
1886 1 8 8 5 1 8 8 8 1 6
1887 7 3 5 1 0 0 6 1 8 0
1888 9 0 3 6 7 2 2 8 4 0
1889 0 4 7 6 6 2 6 0 8 0
1890 9 9 8 9 9 7 0 2 5 1
1891 8 4 8 3 5 2 4 2 6 5
1892 1 3 0 3 9 7 0 8 9 7
1893 6 6 1 0 9 0 5 4 0 7
1894 0 0 1 4 7 8 9 0 9 8
1895 7 9 1 4 4 2 7 6 0 3
1896 6 9 9 9 0 9 4 8 2 4
1897 8 5 9 8 3 5 9 2 6 6
1898 9 1 8 5 0 8 8 4 8 0
1899 2 0 5 3 7 7 5 0 8 5
1900 1 4 7 7 7 3 4 6 0 4
1901 9 2 5 0 6 0 3 7 6 0
1902 2 5 3 5 0 3 0 3 5 5
1903 6 0 1 2 4 1 6 7 3 3
1904 5 9 3 9 7 4 1 0 3 1
1905 8 6 5 0 0 7 9 2 9 7
1906 3 8 8 4 6 0 5 1 8 4
1907 5 7 0 2 4 7 1 8 6 2
1908 7 9 0 0 9 6 6 0 3 4
1909 5 2 7 9 9 3 1 1 8 2
1910 3 2 1 3 5 3 7 5 2 6
1911 1 0 2 3 4 0 9 9 5 9
1912 4 2 8 6 8 7 1 4 0 6
1913 1 6 0 2 2 4 3 0 7 0
1914 4 9 9 2 0 7 8 0 0 7
1915 0 5 6 2 2 9 7 0 6 2
1916 5 3 9 3 0 7 5 8 1 3
1917 7 7 3 3 2 2 1 4 3 5
1918 3 4 1 8 2 0 3 9 1 3
1919 3 7 6 6 6 7 7 6 3 8
1920 3 9 1 3 8 0 5 5 3 7
1921 7 1 0 3 3 0 8 4 3 2
1922 1 8 0 1 8 1 4 1 1 9
1923 6 4 2 1 1 2 4 9 8 3
1924 8 9 2 7 7 7 1 1 6 8
1925 5 9 6 6 5 1 0 4 2 4
1926 8 3 8 3 0 1 5 5 5 5
1927 2 9 5 6 3 7 5 3 9 7
1928 9 0 6 9 7 8 2 5 4 2
1929 3 6 5 1 0 1 4 8 1 9
1930 5 5 5 5 1 1 5 4 5 0
1931 0 6 8 6 5 4 1 4 7 5
1932 9 2 2 7 2 8 0 9 6 5
1933 1 2 0 2 5 5 7 1 3 7
1934 9 3 6 0 5 6 0 6 4 8
1935 1 9 3 3 4 2 3 8 3 1
1936 2 4 1 3 7 5 6 8 5 7
1937 6 6 8 0 1 2 6 0 7 8
1938 4 0 8 1 6 6 7 8 8 4
1939 1 4 8 8 5 2 1 7 4 2
1940 1 0 4 3 3 8 8 7 2 6
1941 0 8 7 2 5 4 9 7 9 5
1942 9 4 9 3 7 2 9 8 8 2
1943 4 1 7 1 2 8 9 8 7 9
1944 3 0 3 4 6 1 2 8 5 6
1945 0 7 5 4 7 4 0 5 1 2
1946 6 3 0 9 2 2 8 1 2 3
1947 1 3 9 2 8 0 7 3 4 8
1948 4 1 8 5 6 6 8 8 6 0
1949 4 6 3 5 8 2 7 4 9 3
1950 0 3 8 6 1 3 9 3 1 3
1951 6 9 3 3 9 8 5 8 6 8
1952 6 0 6 6 0 8 0 4 8 1
1953 7 1 5 2 0 2 7 4 1 1
1954 2 0 5 9 2 0 5 5 3 0
1955 0 4 8 5 5 3 1 5 5 5
1956 3 1 5 2 6 3 3 4 9 0
1957 9 9 1 2 1 9 9 1 9 5
1958 7 2 4 5 8 2 2 3 8 4
1959 7 8 7 3 6 7 9 3 2 2
1960 9 4 8 5 7 8 1 2 9 7
1961 1 8 6 0 3 7 0 1 0 7
1962 1 8 0 8 8 4 4 8 8 7
1963 1 5 8 3 6 2 4 7 9 5
1964 9 5 3 5 9 8 8 5 3 9
1965 8 3 7 5 7 7 9 2 5 4
1966 2 6 0 7 1 3 1 4 4 6
1967 7 6 8 0 9 2 9 2 3 0
1968 6 9 2 5 4 4 2 0 6 1
1969 1 4 0 8 4 4 6 5 7 7
1970 7 4 1 9 8 9 8 2 8 8
1971 4 0 3 1 1 1 9 7 9 1
1972 2 8 7 2 6 0 9 3 6 6
1973 4 1 8 1 7 6 0 1 6 1
1974 8 6 5 8 6 3 5 3 6 9
1975 7 5 9 9 9 0 4 9 1 2
1976 4 1 3 8 2 8 3 3 1 5
1977 9 1 4 7 6 3 0 9 0 7
1978 6 1 8 3 1 6 2 4 4 0
1979 7 9 7 2 4 6 8 1 2 2
1980 5 5 3 5 3 9 7 6 1 2
1981 3 2 2 3 1 9 7 8 0 9
1982 4 9 2 8 9 7 6 4 6 5
1983 7 2 5 9 4 8 7 9 3 9
1984 7 5 0 6 1 5 4 2 2 2
1985 8 7 4 8 2 8 3 0 3 5
1986 3 6 4 9 5 2 8 4 3 4
1987 5 9 7 7 7 6 3 5 5 1
1988 4 5 1 9 4 8 6 9 1 3
1989 8 1 8 4 3 6 4 8 3 6
1990 1 6 2 1 2 7 8 0 3 6
1991 3 3 7 8 5 2 5 5 0 7
1992 2 6 3 1 6 8 2 2 9 7
1993 6 5 0 1 5 7 4 0 8 5
1994 7 0 9 3 3 0 2 2 7 6
1995 1 3 6 5 2 7 6 1 0 9
1996 8 6 8 2 1 8 6 5 6 7
1997 8 2 7 0 6 6 9 5 4 1
1998 8 1 9 0 6 9 2 0 7 4
1999 3 4 2 1 9 7 1 3 3 5
