490972 2
180889 4
116425 2
434963 2
481631 2
464343 2
97370 1
464851 4
414546 3
455889 3
319811 3
492994 1
469484 4
425675 3
46303 4
49403 4
270151 3
309564 3
276039 1
486089 4
496864 2
469388 2
2858 2
85471 1
474182 1
410998 3
494491 2
312697 4
493229 3
405585 3
474465 3
205260 1
364481 2
413570 2
412806 3
9026 2
479375 2
238452 4
468039 1
415196 2
83705 1
355119 1
420799 3
279790 1
486987 1
263304 1
248160 1
3499 1
457922 1
289283 4
486111 3
250989 1
260157 1
383824 1
416521 1
25804 1
378188 2
303831 2
440286 4
420698 3
313853 3
285507 1
430940 4
262433 1
455622 2
440362 3
420720 2
414564 1
34713 2
402017 1
497884 1
67466 1
283478 3
474027 2
220311 4
77634 1
459725 1
25224 2
272594 3
146950 3
479974 3
241061 1
384851 1
494828 2
21828 3
407673 1
81318 2
469306 3
429994 3
199781 1
352276 1
467980 3
235734 4
422347 1
16876 4
173029 3
105503 1
489295 3
385195 1
442794 1
361555 1
465833 3
179675 2
478219 1
156954 3
388139 3
471925 1
264951 1
324781 1
444445 1
242603 2
48005 1
141971 1
7972 1
375869 1
185586 1
420709 3
472182 2
135185 1
264345 2
107345 3
492820 1
208874 2
261739 4
405651 1
201942 1
76450 4
441864 3
355362 4
255050 1
297515 4
483670 3
392557 1
419532 4
415909 3
462704 3
75508 1
434516 1
311155 3
400896 1
427758 4
343831 2
441026 3
248434 2
488410 1
465844 4
460153 4
404971 1
427849 1
370904 1
487324 3
18869 1
475934 1
78777 1
320865 2
463215 2
409518 3
490699 2
183054 2
7857 3
471452 4
84522 3
20063 2
333374 2
189870 3
315468 1
269499 4
298573 2
474113 3
468408 2
285457 1
242542 2
63716 1
358567 4
208883 1
357786 3
91879 2
425396 2
470365 3
324222 4
15696 1
364653 3
59767 1
491158 2
87864 4
87935 1
336354 1
84278 1
46951 2
140668 1
473656 4
466956 1
370976 3
64416 1
284105 4
486074 3
180695 1
200366 4
438167 1
142768 1
358114 3
136803 1
283 2
230267 1
193839 1
37673 3
482410 4
223904 2
311688 1
331949 2
483995 4
164825 2
293489 4
476406 1
114621 2
490670 1
440409 1
496240 3
378171 2
387836 1
335066 1
190546 1
141412 1
196251 1
467232 1
367872 1
444319 2
457720 1
418708 3
75419 2
286525 1
275501 1
454358 1
200393 3
405592 3
153003 1
435215 2
174415 2
221472 3
270092 4
443728 2
255544 2
394952 1
102543 1
84879 1
154877 1
314803 1
66227 1
243221 1
441989 4
456961 1
74630 2
439823 3
437113 2
482218 4
253115 1
230255 1
275192 2
413146 2
120299 1
443885 1
408431 2
444198 4
432223 4
285028 1
74437 4
113613 3
33066 4
112278 3
424399 4
53027 2
261632 1
169216 1
157106 1
154366 1
476615 4
470052 3
382976 3
436079 1
252295 2
402130 1
42580 4
440904 2
487917 3
227625 1
428599 1
217873 1
296497 4
194622 1
225355 4
455913 3
323120 2
100014 2
473655 1
439022 1
462190 1
429082 3
202360 2
414297 3
358943 1
474648 3
205375 2
101080 1
259249 1
227518 1
452816 2
244179 2
430075 3
491429 1
293601 3
473531 1
150001 1
379459 2
474119 3
470220 2
459611 3
53144 1
164236 1
435157 2
476271 2
41357 1
471973 2
194146 2
294675 1
488257 1
95994 3
407750 1
128902 1
105475 1
1338 1
134586 4
117668 3
473327 2
387761 3
238590 3
487451 1
456610 1
106378 3
105389 1
443735 3
401723 2
37171 1
156744 1
149835 4
439619 3
463072 2
123693 1
420142 2
169301 1
244315 1
393001 1
94754 2
325538 4
495815 3
381688 1
109483 1
124835 3
483929 3
170810 1
60191 2
69468 1
484469 3
170511 1
110027 1
112483 1
485524 3
254941 4
198905 4
485254 3
222894 1
262256 2
425017 3
261006 1
124381 1
494027 2
468024 3
399100 3
37672 3
390872 1
485013 3
156860 3
443604 3
478825 1
194455 3
452430 1
259338 1
465405 2
89764 1
414037 1
483506 2
473416 1
355434 3
352709 3
440095 3
266147 2
467612 2
123838 1
484193 1
43425 1
138432 1
371665 1
496850 4
102803 2
407482 1
488340 2
494021 4
486434 3
430835 4
477079 1
445320 4
417691 4
203189 4
188163 3
443172 3
312344 2
89564 1
153365 1
353757 1
150060 1
205313 1
195860 4
199565 4
420030 2
497747 2
483156 3
473795 4
130486 2
280613 1
253614 1
356032 3
157929 2
387855 3
353660 2
484419 3
253516 2
486039 2
267192 1
338768 3
328601 3
231422 1
194532 1
458921 1
288206 1
141752 1
142797 2
486021 1
331307 1
471451 4
477638 1
376607 3
457765 4
129314 1
194211 2
134530 1
210613 1
415572 2
489672 3
126883 2
54042 3
441547 2
316397 1
474188 2
427194 1
485933 1
158651 2
416419 4
424188 3
2 1
239485 1
225413 4
213680 1
416209 2
105585 1
857 1
450563 4
468595 4
270482 3
154381 1
25748 1
63851 1
41258 1
469301 1
312288 1
486080 3
440317 1
350784 1
86305 2
108708 3
187876 1
1732 3
419622 3
120196 1
118741 1
241311 1
492549 1
465677 3
222603 1
460830 1
484472 4
298016 1
479975 3
73952 1
450524 3
267152 3
107988 2
423479 4
475976 3
395248 3
77461 1
194631 3
458164 2
453630 2
452563 3
459964 3
296143 3
486429 3
154202 1
17385 4
456875 1
471104 4
453979 2
355913 4
323981 1
492846 4
457368 4
483674 3
408992 2
435446 2
158370 2
415270 1
356265 3
194246 3
431729 3
391766 4
444202 2
415857 3
263895 3
484663 2
432222 3
164829 2
473443 4
427189 1
69588 1
460756 3
342744 1
416621 3
88847 1
243316 3
164849 3
446906 1
364700 2
479287 1
65890 3
347795 1
347628 3
286485 1
136801 2
141585 1
56989 2
46135 1
77802 2
469171 4
399843 1
295346 2
467570 3
356486 3
153877 1
301045 3
303907 2
439870 3
47730 2
76116 1
473103 3
269704 4
216238 2
398194 2
426807 3
3443 3
435855 1
169502 1
295007 1
4024 4
451045 3
273718 2
238593 1
481032 1
316999 1
290581 2
476547 4
475434 2
427608 1
443836 1
463754 3
478788 4
369689 1
440636 4
153843 1
278049 2
167840 1
83606 1
37679 1
357473 3
349188 1
303465 2
493084 1
378170 3
496531 3
424753 3
438626 3
42466 1
448421 4
429490 3
216250 1
183479 3
218757 2
162903 2
438051 3
90300 1
137554 3
270032 3
212414 1
151439 1
138159 2
466891 1
335179 3
342106 1
114776 1
327426 2
457376 2
337979 1
477051 1
442887 3
470154 4
350072 3
451895 1
81253 2
494616 3
207022 1
305229 1
312873 2
276891 1
262902 1
464227 3
431701 3
192679 4
58612 2
490532 4
425910 3
455142 1
467397 2
467692 1
255054 1
378600 1
10787 1
340974 3
320837 2
186960 1
12101 2
476325 2
489258 4
6352 1
167333 4
247738 3
432112 3
163784 1
8832 2
296066 2
424388 1
321832 1
88490 1
402710 4
272396 3
22676 1
109768 1
14252 3
416873 3
402450 1
413999 3
131712 2
355381 2
406839 1
440928 1
196437 1
380012 3
140985 2
215589 2
457521 1
480785 3
329831 3
150698 3
483182 4
482220 1
466426 3
236346 1
246800 1
156437 1
192711 2
492055 1
440559 2
363855 1
419617 3
186531 1
191825 2
199365 1
167838 1
476079 4
257655 2
491251 3
436400 3
461431 1
255052 1
382849 3
15920 1
359656 1
497309 1
329847 4
427509 1
433516 1
477240 1
258485 2
239625 2
497635 2
438993 4
107060 2
423857 1
33980 1
53787 1
436931 1
458814 2
490431 4
52476 4
382463 2
493871 1
85267 1
414045 1
84356 1
441439 3
42228 1
393673 3
80562 2
420575 3
354172 2
203555 3
15619 1
179183 2
440999 1
490402 1
471671 2
92279 3
337702 4
473435 1
366186 2
460821 3
143360 1
301416 1
429875 1
434972 1
473734 3
325734 3
288596 2
444591 1
411409 2
206319 2
140335 1
491243 3
185410 1
458947 1
437861 3
411297 1
480279 1
419202 4
469218 3
102072 1
419882 4
314986 3
444786 1
494445 4
431260 3
496196 2
244560 2
184526 1
430826 3
235305 1
438562 1
135015 3
200344 4
163707 3
285432 4
482255 1
16063 1
129366 3
483989 4
433028 4
349700 1
270628 1
495056 4
489882 3
53030 4
147818 1
123761 3
400169 1
493758 2
475817 3
260983 1
328137 3
303194 2
58155 1
368696 2
378377 1
445851 1
444845 3
483197 2
100823 2
494876 1
457238 2
59809 4
282929 1
476516 4
434755 1
205479 1
372829 1
311111 1
269894 1
448916 1
387800 3
478700 2
350092 3
484279 4
438432 1
89105 2
45719 1
488576 4
284110 3
319804 1
486744 4
429258 3
472528 4
94880 3
304143 2
433505 2
410569 1
55017 1
486406 3
460523 3
87493 3
234803 1
385970 3
53549 4
237750 3
274648 3
342330 3
27257 1
92007 1
450567 3
363757 4
330348 4
22349 1
476668 4
386850 1
471259 1
436375 3
160902 1
327983 1
408183 3
164146 3
153097 3
470760 3
473253 4
83337 3
342406 3
458704 4
15526 2
348554 4
170846 1
462470 1
121528 3
367700 1
195284 2
483772 3
359747 3
241787 2
477386 2
76099 1
207606 1
420792 3
380423 2
126510 1
278120 3
460751 4
438403 3
215108 1
487058 1
473031 4
472514 2
228006 3
35878 1
295161 1
490068 4
436498 2
402841 3
341882 1
31564 2
486346 3
332214 3
116844 1
279755 1
180718 2
81080 4
177485 1
400664 2
491462 2
441603 2
25020 4
257652 4
270672 1
173868 2
458429 4
496370 1
231004 1
427439 3
455345 4
46320 1
108164 2
372454 4
207933 3
438648 1
436376 3
485056 2
360637 3
93168 4
90039 1
59026 2
197602 1
289485 1
450553 1
338940 1
357487 1
485466 1
287766 1
496990 1
397709 3
81626 4
276808 2
130846 1
210135 4
475834 4
338455 1
461664 3
443546 4
141847 2
487327 3
385468 3
75420 2
166859 1
276317 4
280344 1
310543 1
415768 1
404807 2
313767 1
395116 3
209870 4
449465 3
484289 2
482866 2
428965 2
488502 3
291486 1
457818 1
283783 1
469449 1
222716 1
344486 2
471209 4
427142 3
278207 4
302887 2
310494 4
16531 1
156984 2
323373 1
110340 1
425605 3
393317 3
497652 3
99485 3
369800 1
344478 3
318464 1
459558 3
97197 3
93671 3
475120 4
428261 4
401444 3
44090 1
304822 1
330993 4
102291 1
188464 1
450511 2
413074 3
494615 3
457586 3
136772 2
209105 1
126125 1
438314 2
367067 2
53472 2
348377 4
468706 4
22306 3
392081 2
118264 1
422248 1
398383 1
474461 1
103881 1
150004 1
1912 1
35879 1
453367 1
421250 2
469792 2
398730 3
358748 2
395767 3
471054 3
457692 2
491723 3
168281 1
128531 1
80838 3
405777 2
248627 1
257012 1
478291 1
254741 1
312565 1
120189 2
422819 1
414503 4
22177 2
89140 3
317108 1
46186 1
437578 4
486098 2
424239 1
367140 4
308956 3
486379 2
230262 1
358276 4
429827 1
454393 2
482842 4
150832 1
212151 1
367144 1
492409 3
317977 2
356094 3
218752 1
453574 2
356856 3
254993 2
424232 3
32417 1
54740 4
440637 3
411323 2
419880 2
93125 1
454050 3
328248 2
230596 1
245265 4
420149 3
110073 1
212225 4
386181 1
497572 4
167034 1
179415 1
302980 2
412408 3
38174 1
43323 3
452331 2
130823 1
285477 3
176670 1
350113 2
453915 1
153403 1
457821 2
481592 3
121420 3
479842 3
139971 1
224243 1
488233 1
486206 2
497958 1
468353 3
364530 4
497953 1
250365 1
490100 3
326626 3
477976 3
440090 4
81112 3
289293 3
489338 1
405684 1
464929 1
34905 1
450024 2
34893 3
270664 3
382928 1
170026 1
228109 1
360451 1
81105 4
224607 3
432741 2
436055 3
395069 1
497566 1
467420 3
67656 2
140916 1
147425 2
117549 1
496194 4
69584 1
71416 1
367251 4
493901 3
413456 1
360698 3
861 1
238045 1
479966 1
482223 1
278110 4
439381 3
408602 1
478637 1
461743 2
154695 4
485529 3
399976 3
243222 1
191450 1
468630 3
261298 3
190633 1
475557 1
473358 1
497970 1
436125 1
453234 1
201106 2
325422 4
476787 2
239930 1
486528 2
398628 3
427201 1
468141 1
477124 1
452554 3
355949 3
429553 1
140681 1
442509 1
83222 1
231844 1
456819 2
63885 1
62720 4
72151 1
123250 4
419700 1
378379 1
439777 4
490616 3
496326 3
173445 1
225789 1
343753 3
478488 1
261244 1
242971 1
192105 1
59479 1
300331 1
188619 1
452583 4
276175 3
2893 1
460750 3
94761 1
27749 1
350954 1
133901 1
378162 1
20652 3
40371 1
451842 1
230996 1
393716 3
95183 3
297836 3
195492 3
303203 2
326723 3
423162 2
14137 1
491838 1
482972 2
281210 3
439611 2
495748 3
208901 4
177481 1
424386 2
123065 3
465056 3
448392 1
451507 3
412705 4
469507 4
209435 2
484185 2
478190 1
477952 1
270690 2
132413 1
325562 1
138134 4
299703 1
152691 1
394827 2
234444 2
231451 1
214809 3
87481 4
163989 2
491404 1
468256 2
193178 1
477300 3
126886 2
242112 1
461568 4
39908 2
286218 1
244935 3
225381 4
358073 2
453198 4
478597 1
40356 2
228125 2
381662 1
465513 3
135276 2
394807 1
479780 2
7623 1
197565 1
215778 1
371358 1
184519 1
346109 3
496694 3
21896 1
427808 1
79561 3
477043 3
104942 2
293429 4
167830 1
366863 1
415497 3
153429 1
387532 3
366688 2
492841 1
246265 1
124407 1
410052 3
143979 1
287934 4
427868 4
75713 4
490081 3
478798 3
472407 1
370731 1
476910 3
393664 1
489417 1
1381 4
382487 3
238575 4
80380 1
415662 3
471415 2
123306 4
64949 4
444541 3
461895 2
82920 3
313988 2
138741 1
299442 3
332334 1
427001 1
159514 2
389602 2
406972 3
228427 1
380690 1
444050 1
416344 2
408050 3
429249 1
489727 1
376739 1
471627 2
369037 3
487715 4
481233 4
481146 1
295830 4
281529 3
309089 3
459537 1
474589 2
166282 2
239576 3
295243 3
337796 1
115535 1
393661 2
113504 1
382996 1
419708 3
206819 4
162274 2
497409 3
468813 3
471711 2
452998 3
76377 1
14261 2
390365 2
220712 3
481643 3
261304 3
419832 2
481012 2
413814 3
217192 1
90603 1
374367 1
67720 1
486723 1
180700 1
254209 1
83714 1
478916 3
396272 1
16279 2
497352 1
311647 4
341506 3
425553 1
486816 4
281780 3
252254 1
495196 1
46096 3
353876 3
115696 2
494137 1
44641 2
174341 1
494181 1
241848 2
276252 1
281907 4
419975 4
334664 1
121764 1
482420 2
431258 2
460345 1
180473 2
428254 3
153237 1
239321 2
259490 1
486005 3
263100 1
337757 3
356984 1
406470 3
308181 1
439615 3
46325 4
425011 1
435091 2
456619 3
276803 1
97359 2
158088 1
402225 1
454859 1
305272 2
389874 1
279011 1
106929 1
318520 3
304767 3
428741 1
452249 1
113498 1
186191 1
297051 1
100433 1
270943 1
76288 1
437573 3
86093 2
153010 1
206188 3
242392 1
184177 2
420058 3
289546 2
477417 3
65947 1
362693 2
442909 1
14704 3
278121 3
305231 1
175524 2
426714 2
292998 1
20647 1
310713 2
294671 3
339233 1
491170 3
447742 3
481047 2
470569 1
200477 2
374566 3
488569 4
164337 1
123751 2
431397 3
277361 1
459913 4
264498 3
479484 3
120957 1
442291 3
351824 4
489673 3
422303 2
254060 4
454036 2
399137 1
367953 3
445199 2
425540 1
478881 1
201713 4
356039 3
480545 2
382788 1
452295 1
473808 3
216004 1
471955 2
218628 2
346686 1
161652 1
13938 1
311802 1
208970 1
253513 1
100975 1
312623 4
2859 1
449145 2
230062 3
133417 1
477972 4
441021 2
431765 3
109540 3
458821 1
227422 2
231776 1
460358 3
475429 4
460168 3
300776 3
335821 1
458414 2
389415 3
278532 1
264980 2
438549 1
424672 4
322420 1
216801 3
48716 3
364364 1
496525 2
468675 3
267043 3
463933 3
470040 3
490921 1
441050 2
456888 3
191258 1
427196 3
496553 2
353347 4
27805 1
455388 2
478088 2
147441 1
477064 3
342352 3
366370 1
49335 3
464221 4
487727 1
438438 2
459719 1
458795 2
431985 2
107222 1
422902 3
245024 2
460585 4
429433 2
482213 4
250126 3
303437 1
150340 1
405914 4
429944 1
307163 1
41880 1
254970 1
261629 1
85072 3
163321 1
230261 1
254414 1
277565 1
303881 1
410032 1
256353 1
494265 3
360239 1
49895 1
486393 1
64818 3
147412 2
385457 1
445883 1
484877 3
365397 3
196975 2
135282 1
35586 1
369878 3
192383 2
296062 2
480198 1
250002 3
258225 1
344957 1
173840 1
88088 1
488792 2
59565 1
288703 2
496916 1
294617 2
489739 1
342373 3
408579 1
185706 1
350681 1
383467 1
227854 1
411479 3
274820 4
127217 2
425925 4
156955 2
476687 1
238535 1
93254 1
478636 1
50779 3
27714 1
311706 2
78073 2
76226 1
428068 3
345831 1
322124 4
409041 2
283724 1
473523 3
237818 1
191390 1
139910 1
363984 1
230329 4
469204 3
80131 1
298408 1
129489 1
263849 4
369448 4
200783 2
492717 3
43424 1
479846 3
462657 3
451828 3
303458 2
158783 1
490626 3
404839 1
465102 4
33130 1
386404 3
365389 3
446005 2
482732 1
302075 4
459677 4
76092 1
173486 1
435433 2
106630 1
456948 3
98925 2
21949 3
478273 3
344916 1
116227 1
330799 4
379325 2
421560 1
472269 4
491741 3
69229 4
486793 1
183780 3
206336 1
300692 1
311695 1
113522 1
276301 3
129354 3
486050 3
280775 1
420441 4
266839 2
127446 1
394769 1
405526 2
131008 3
83719 1
452261 1
423973 3
427159 1
407257 4
9408 1
487614 1
412880 1
72326 1
404543 3
480991 3
480569 3
457084 2
431799 4
175175 3
352028 1
312637 4
292668 3
319764 1
101219 4
492676 1
167212 2
149213 1
428195 1
283386 2
465939 1
479236 3
462997 3
470348 1
388086 3
490631 3
430936 1
435247 1
424393 3
303202 3
165572 1
434824 1
285330 2
461377 2
458928 3
85661 2
66320 1
3102 1
470351 3
159452 1
373205 2
471049 1
326663 3
2184 2
387179 2
469039 1
152072 1
428308 1
428058 2
97581 3
113499 1
314339 2
334076 2
221635 1
488260 1
161814 3
478578 1
427580 4
265545 1
275832 1
159050 1
6249 1
141058 4
172960 3
150044 1
347194 1
406495 3
489531 3
269841 4
412581 3
6301 1
366457 1
231401 2
156523 1
166319 1
456476 3
491230 3
368053 1
72355 1
492024 1
357346 3
341233 1
449491 1
50528 2
394232 1
493494 3
179114 2
446857 1
161597 2
461662 3
163506 1
370978 3
326573 1
31517 1
448091 1
306883 1
254089 1
108194 1
432823 1
21032 1
118534 1
290817 2
72978 1
97121 1
180723 3
47484 2
480590 2
459835 3
386823 4
207088 1
454598 2
284665 2
14263 1
458312 3
177026 1
369298 3
472037 4
482475 2
32655 4
162949 1
205437 1
405594 4
182975 1
78407 1
493250 3
343542 1
473736 3
174381 1
300417 1
323634 3
109481 1
264376 1
141751 1
136859 2
461539 1
351965 2
416393 3
330035 1
381088 2
125989 4
430545 4
459910 2
228811 1
149030 1
493123 1
52592 1
457857 1
494243 3
402955 4
140643 1
346899 4
308590 1
373641 1
382393 1
484651 1
126673 1
473428 4
460360 3
90308 3
111512 4
361732 4
466704 1
475959 1
468840 2
395038 3
473738 4
447749 3
163478 2
472961 1
129792 2
103738 1
62252 3
112037 1
258689 2
62701 1
241548 2
223464 1
176475 1
176213 1
428511 1
406846 3
312506 3
47267 1
141410 3
493248 2
462466 3
325144 2
425358 1
123365 3
461894 3
474850 1
453597 2
263027 3
495374 2
252843 3
6695 2
495094 2
108230 2
103796 3
380272 4
82188 2
434818 1
315706 1
200025 2
497842 4
417611 2
486075 4
453788 3
157963 2
405589 3
235894 1
359795 3
175130 1
488919 3
113500 1
427890 2
427734 3
81723 3
210206 4
307502 1
180337 4
225358 1
481911 2
226444 2
245020 1
450517 2
386882 1
220161 1
97184 3
118147 1
351673 3
142827 1
282976 1
251747 4
358118 1
328677 3
416397 3
325995 2
259180 1
475411 1
437433 3
335713 1
37734 3
224154 3
466668 3
483932 2
46587 3
92013 2
113768 4
147091 2
338676 1
156332 3
274563 4
484378 2
453374 3
348489 3
289386 1
370719 3
474320 4
23660 2
370694 1
16932 1
227596 3
493598 2
496719 4
65740 2
385960 4
302031 4
206712 1
304354 3
156172 3
9211 4
486027 1
344786 1
477093 1
461793 2
275394 1
227188 1
202390 3
109480 1
334803 2
165575 1
491468 3
372501 1
477366 2
40332 1
151399 1
484163 1
439962 1
139787 1
483184 3
44800 1
167831 1
469070 2
74482 3
73260 1
407582 3
465354 3
39751 2
460749 3
293716 1
381689 3
62068 1
119193 1
285706 3
128852 1
482014 1
58041 4
454407 1
494598 1
235807 3
62562 2
58161 1
439610 3
423844 1
457374 2
126316 2
427191 1
481554 4
153890 1
306988 1
157001 3
1511 2
84669 2
486062 2
52724 2
468396 4
128891 1
363545 1
428582 4
433882 1
295939 1
308073 1
476922 3
95057 4
448127 3
253489 1
486217 4
201382 1
421126 1
465594 3
408057 3
154914 1
98759 1
363296 3
440366 2
156948 3
493803 4
70922 1
176273 1
76624 4
123404 3
469178 2
271254 3
417966 2
172770 1
49462 4
333528 1
244341 4
176759 4
74320 2
442589 1
88218 1
112485 2
73205 4
480120 4
47102 3
312357 2
486749 3
463755 3
237988 2
401288 1
470871 4
8732 3
97805 4
460475 2
159517 2
283718 1
492432 1
39328 1
139476 1
419110 2
472386 4
93935 2
395921 1
454199 3
227917 1
478025 1
454886 1
327889 3
149482 4
313807 1
492647 1
429613 1
285212 1
129516 1
278108 3
25531 2
481636 2
99694 2
309854 2
239215 1
15501 1
153825 4
326349 1
376175 1
40994 3
115894 1
492680 1
335857 1
219965 1
490551 4
495702 1
327270 2
25658 1
375441 4
151374 1
246627 1
54220 3
481176 1
161085 1
342288 4
324143 1
57611 2
52386 2
497986 1
492857 4
288913 2
74548 1
261757 4
22460 1
497919 2
455879 2
327816 4
342388 3
474690 2
387805 3
39652 1
193963 3
202818 1
413206 3
473033 2
248694 2
340937 3
454779 1
326570 2
241844 1
235245 1
134700 1
112977 1
286370 4
256693 1
174334 3
155562 1
131871 3
304435 1
339353 3
442527 1
190416 2
227097 4
429699 1
483277 1
69622 1
492720 3
206703 1
473511 4
93767 1
427438 3
394715 2
472134 4
168914 1
136357 2
447786 4
106809 2
44019 1
429440 4
123796 4
220621 4
461503 2
90772 1
178655 1
464740 1
483776 4
375118 4
283459 1
317175 1
168022 1
384308 3
470786 4
448111 4
427188 3
492178 1
461949 3
104956 2
327739 1
453347 1
137420 1
199281 3
267442 1
360783 3
194893 1
384450 3
279489 1
419620 3
287770 3
140741 1
393679 1
112515 1
76612 1
287706 1
478956 4
168582 4
460806 4
420784 3
159208 1
410903 1
480582 3
470728 1
21594 1
293493 2
174367 1
485528 3
294143 1
452362 3
455976 3
335424 1
235564 2
464053 1
427320 1
339828 1
26619 2
381076 2
171064 4
344832 1
456193 1
158777 1
464760 2
273428 1
278018 4
356170 1
342990 3
456709 4
416876 4
224555 1
223205 1
479274 1
214038 1
173810 2
224288 3
135068 1
270365 3
240048 1
262442 1
204392 1
217837 3
243603 3
458621 4
154029 1
485267 3
488922 4
442322 1
478574 1
152061 1
475937 1
262738 1
368859 1
311564 4
341154 4
248670 1
405219 1
196025 1
478582 1
425533 4
224309 1
199932 1
117404 2
33920 1
150920 4
452198 4
431001 4
22312 1
55553 4
475986 3
81160 3
248825 1
100416 1
405285 4
347944 1
452273 4
90334 1
224423 1
363994 2
388430 2
154108 1
133918 2
411966 2
210887 3
351285 1
479132 3
356013 3
424486 4
39848 1
156905 4
281413 1
217468 1
275598 1
123256 4
440926 2
495451 1
75702 4
428951 2
480810 1
422158 1
308551 4
151378 1
307178 1
496299 1
193460 3
269329 1
476367 1
150136 4
411432 1
332519 3
260574 2
322560 3
448124 4
13173 1
228924 2
445425 4
280396 1
31582 1
385963 1
221754 3
492880 2
369676 1
456800 4
60145 1
119191 1
450966 4
442576 3
94300 1
387765 3
96006 1
307960 1
127058 4
388787 2
169696 3
430056 1
121805 1
161758 1
55595 4
333964 4
22624 4
443177 3
496584 1
376811 1
245849 1
482242 1
193507 3
148047 3
308584 2
411247 1
259442 1
109221 3
38806 2
393784 1
419233 1
358211 3
128449 1
47153 1
214708 2
497613 2
467694 3
454359 1
268431 3
106703 4
100307 1
482919 1
293118 2
402524 2
257780 2
206599 2
279635 2
448755 3
136355 1
125140 2
405687 1
153864 1
406546 4
320193 2
272324 4
496300 4
419894 2
434171 1
474993 3
31798 3
415093 1
75311 4
235844 4
173482 1
248206 3
292592 1
228831 1
365283 3
491239 1
385956 2
150840 1
444255 2
480946 1
440686 3
427382 2
421228 3
274821 4
475128 4
444359 4
444172 1
262750 1
476265 2
33923 1
316064 1
377541 1
479173 3
157164 4
388484 2
474246 4
397993 1
272577 1
327674 3
322462 1
438339 3
268852 4
33132 1
436419 2
199773 2
340387 3
473343 4
494621 3
432093 1
427129 4
118951 1
485089 1
396330 3
482999 3
385949 2
488316 1
439887 1
139895 3
282885 1
230089 1
473029 4
468172 2
357523 2
464126 1
281151 4
463159 3
460430 4
440332 4
478024 2
294924 3
359823 1
427732 1
397290 1
461128 4
480658 3
115913 3
155899 1
123592 2
262479 3
113332 1
271507 3
243802 1
230355 1
475768 3
455256 1
70200 1
71750 1
203438 4
69701 2
421488 3
461887 3
383211 1
355960 4
338059 1
488113 1
379665 4
342416 2
433008 4
76169 1
447747 3
461445 1
35173 1
445355 1
337025 2
479749 3
145011 3
190025 1
406043 1
266783 1
475381 1
491359 2
118542 1
128559 1
359473 1
474121 2
469505 1
262071 3
486719 1
2930 4
156941 2
338035 2
435981 2
363986 2
478337 1
422279 1
442220 3
184197 2
384825 1
3337 1
453957 2
51811 3
486073 3
234504 1
325331 1
134808 1
290489 1
374258 3
111377 4
15176 1
475526 3
448369 2
368188 3
191214 1
7528 1
169413 1
464805 2
279661 2
235841 1
443165 3
236542 4
443288 1
193453 3
330475 4
427432 3
112054 1
128468 3
163938 2
157644 1
432196 3
399734 2
158787 1
478664 2
42489 1
445997 1
53833 3
449652 2
395070 2
411471 3
440661 2
200394 3
389412 3
326631 3
76102 1
455914 3
307470 1
68741 1
262175 1
267852 2
414290 2
123001 1
166166 4
11850 1
394058 1
495104 4
306229 4
435737 4
484533 2
396828 2
20664 1
172636 2
321499 2
199972 1
490633 4
222888 3
18333 1
428072 3
470139 4
389564 1
147649 1
451859 2
310123 3
185881 3
4453 3
466351 4
370993 3
303975 4
138539 1
468541 3
253222 1
466020 1
394874 1
297574 4
33632 1
50494 2
196877 3
352479 4
444260 2
487409 4
178800 4
436742 1
239371 4
150939 2
121391 3
420188 1
467011 2
102399 3
299972 4
161405 1
71496 4
234189 1
470521 3
478137 2
80844 2
169856 1
409457 3
485220 2
321448 1
466360 1
139979 3
469 1
440040 2
103374 4
122988 1
331152 2
278550 4
453995 1
94292 4
430947 3
490429 2
146934 3
452560 3
258386 3
167836 1
227299 1
264722 2
471278 4
148028 4
30215 4
60680 1
369820 2
432071 3
476795 1
411613 3
490771 4
323636 3
358637 1
271631 3
493757 2
162044 3
462538 1
370988 3
16148 1
231018 1
175647 2
5936 3
457588 3
212973 3
420154 2
174204 1
60547 1
31741 1
58610 2
126638 1
82578 2
443182 3
397698 1
467633 1
25088 4
204531 1
111112 1
489409 3
380288 3
239586 2
116459 1
247125 2
426757 3
394130 3
54337 3
175653 2
454753 3
104988 1
54203 1
416089 2
311705 3
278045 1
338778 2
457875 2
433504 3
32299 1
442870 4
495217 1
180615 1
5318 1
166348 1
313342 1
421563 4
421078 3
490886 1
191669 2
416869 3
308641 1
416719 3
282321 3
201165 1
497204 2
233872 4
3436 3
41666 1
45646 1
152538 2
480530 4
455118 1
262912 4
6491 1
24473 4
487847 1
484807 4
166819 1
239587 1
423956 3
314327 1
196935 4
465180 4
491573 1
383552 1
482580 4
38881 1
194165 1
411480 3
474944 1
442286 1
364473 2
268848 3
167285 1
189157 1
443287 2
474499 1
141419 1
415496 1
442541 3
168923 1
141021 2
182482 4
167674 1
114107 2
205967 1
367496 3
1236 1
422273 2
394657 3
296083 1
340458 3
473201 1
322313 2
113145 1
48088 1
318824 4
414279 4
166651 1
434204 3
425555 1
484867 2
262761 2
154109 1
272439 1
488008 4
432744 4
318865 1
454000 1
486078 3
468561 2
1369 4
403151 4
459337 1
109215 4
288782 1
190043 1
44634 3
384464 3
63277 1
468154 3
307224 3
199286 3
486746 3
489114 3
417774 3
294153 1
337932 1
170851 1
205968 1
396631 1
119626 1
107247 1
259023 1
34586 1
2116 4
251751 3
107485 3
3343 2
87188 1
416528 1
153002 1
162818 1
3065 1
6806 1
452643 3
416166 3
42974 2
355987 3
458286 3
454636 4
130603 1
496938 3
462020 1
473847 1
444721 2
439836 4
322687 2
218015 4
419877 2
276657 1
465923 1
205320 2
451101 1
13931 1
231740 1
442791 1
163713 1
11402 4
388089 4
406564 1
40081 1
442010 1
441212 1
312290 3
473647 1
467265 3
35377 1
481641 4
61282 1
49555 4
311692 1
109415 1
452122 1
195261 1
483091 1
479976 3
420316 1
262435 1
227651 1
453377 3
421740 1
450957 1
488336 4
297569 4
327798 2
457667 2
64813 3
217348 3
495108 1
474017 1
303208 1
475266 3
177272 4
490667 4
94939 2
450715 1
461227 3
455709 1
452973 3
423601 1
436051 3
276697 1
63556 1
136331 2
69593 1
430905 2
351874 2
433460 3
306878 1
230237 1
461511 1
153854 1
456429 1
412602 1
46712 4
368191 3
293900 2
200634 1
496545 3
28032 1
447657 3
398004 1
482336 1
346782 1
452230 2
484654 1
256356 1
58666 1
64276 1
497228 4
214520 2
491905 2
201716 4
433974 1
302002 1
344214 4
278168 4
4157 1
78696 4
116192 1
7716 1
460695 2
355138 1
440091 3
488734 4
490150 2
437857 3
183838 1
405591 1
278626 3
169497 4
288423 2
468682 4
223740 3
204639 1
179714 1
113301 3
251956 1
221843 2
419816 4
473423 1
487716 1
358756 1
417825 2
320958 3
235741 3
355948 3
478814 1
457780 2
463332 2
480964 2
483068 2
497802 3
418158 1
482997 3
440152 3
481632 3
100871 1
271623 1
101932 2
126694 1
334685 2
166454 1
294451 1
147035 1
344470 2
439521 1
76602 1
449273 4
309186 2
472516 1
471986 1
408469 1
29846 2
174162 1
152105 2
40078 1
484965 3
483265 3
298393 4
462844 1
95709 1
246802 3
400656 2
94953 1
395169 4
490879 4
332187 2
442121 3
327087 1
495629 2
97318 1
450970 2
402296 1
415564 1
474096 3
414915 1
435909 2
432171 3
450154 1
369637 2
470428 2
497848 1
414432 1
283607 1
82650 1
341143 1
111815 1
385942 2
426090 2
471682 2
467580 3
214171 3
489639 1
427444 2
144158 1
298978 4
458174 1
453472 4
436640 4
495454 4
160245 1
433018 2
209542 1
63264 1
230153 3
103733 1
232884 2
7627 1
490712 1
205354 3
126087 1
295325 1
438785 1
430392 2
28126 1
436394 4
333134 2
110192 1
479828 1
322424 1
158906 4
200123 4
490088 3
443199 4
431338 3
449665 2
299402 2
234282 3
480415 4
483372 1
320625 1
394028 2
2816 4
448130 2
420402 3
473415 1
466294 1
465876 1
262955 3
457520 1
228251 1
379802 1
79746 1
472522 4
496727 1
294748 1
449583 4
273715 2
453871 1
370255 4
459581 2
478561 3
9399 1
414560 1
160900 2
468392 1
130091 2
32871 3
362684 3
354797 4
14275 1
20058 1
461963 3
488714 1
193869 2
131736 3
488207 3
137621 1
40931 3
252556 1
494893 1
80586 4
452208 2
310960 1
28744 1
274463 1
385463 3
428215 2
460762 3
185558 1
184085 1
439807 1
22188 1
417179 2
114485 1
347165 2
380368 4
247331 2
60915 1
120702 1
154888 1
418357 1
475257 1
460693 4
384289 3
135848 1
331931 1
153018 1
412580 2
430542 4
291675 1
25218 1
56936 4
450864 2
59370 4
123795 4
365392 3
496020 2
394821 4
40365 1
27721 4
418125 1
6693 4
124902 1
31045 2
486085 3
355510 3
426091 1
474998 1
358845 4
83715 2
388088 1
315450 1
428999 1
82005 1
42324 1
78714 2
435882 2
341742 2
426717 4
204717 1
477687 3
464762 3
460255 2
359007 4
65771 2
324691 2
235799 2
186758 1
81862 4
456952 3
436388 3
476117 2
473599 2
284894 4
410900 2
488720 3
481035 2
163942 2
462723 1
60487 2
479804 3
453553 3
488797 1
262987 1
359966 1
432751 4
473562 4
372742 1
227594 2
164343 1
440386 4
460122 3
452316 2
195867 3
171757 2
168257 3
474480 1
491803 1
99274 1
464477 3
400323 4
485486 2
175398 2
427576 3
491759 1
283183 1
380626 3
59788 1
59331 1
433221 2
409945 3
496179 1
276806 2
419828 3
124559 1
44839 3
342339 3
476913 3
474431 3
368943 4
395170 3
408065 3
449676 2
486866 2
433429 3
423926 1
450637 2
486083 4
81960 1
473971 1
282261 1
468621 3
452022 1
414917 2
93497 2
439742 4
73550 2
427165 2
412028 4
366504 1
480407 3
310708 2
237194 3
69726 3
235098 1
311252 4
480256 3
457226 2
343965 1
334301 1
469509 3
314993 2
280891 3
205725 2
381034 1
427634 1
484697 3
283876 2
301240 3
368469 3
221862 2
92032 1
53480 2
496606 3
256997 4
350188 1
479636 3
165393 3
80468 1
207559 3
355891 3
148312 3
220197 2
482033 3
345143 4
299029 2
146966 3
332639 1
205317 1
54799 4
285963 1
191261 2
31241 2
435923 2
222774 1
151441 1
242027 4
492794 1
462088 2
495533 1
268849 4
495141 1
295212 3
465052 4
133296 2
386157 3
176050 1
488915 3
289797 3
483666 3
92827 1
74636 1
108808 2
20937 4
488231 2
483161 3
451267 3
433333 1
421407 1
191838 1
250620 3
141022 2
58043 1
118389 4
184542 1
300324 1
496517 1
263665 3
152888 1
141503 1
126512 1
275197 1
396406 3
294358 1
486006 1
482209 4
433514 1
246433 1
264422 1
454856 1
423578 4
209407 3
18341 1
81763 3
497961 1
103303 1
465255 2
487059 1
490602 4
224598 1
399940 1
238588 2
89353 3
497036 3
476928 3
418408 2
443202 1
248513 1
337705 2
432012 1
497539 1
477803 1
278214 3
116486 4
162245 2
440840 4
380407 3
272300 2
90502 1
114862 4
419421 2
425001 2
473236 4
123724 4
200136 1
465273 1
127458 1
69247 2
33981 3
401193 2
493284 4
479093 1
235686 1
160150 4
105774 3
255685 3
451120 4
409460 4
276819 1
46206 3
478290 3
33210 4
435994 1
479294 3
159302 3
386459 3
27803 1
490545 2
44484 1
62451 3
438405 3
354574 1
269958 4
49920 2
349271 1
145240 3
275608 3
250924 2
373712 1
379820 1
481743 2
422881 1
79469 1
479734 3
196703 1
330483 3
53417 1
488298 4
184865 1
33625 1
105593 2
38541 1
236501 3
39545 4
452226 3
381216 1
486544 2
153298 1
7772 1
223195 1
420993 2
443910 4
162703 1
432157 2
103814 4
404283 1
452231 3
270101 3
428375 3
439538 1
481478 2
417066 3
442188 1
487336 2
419100 4
114122 2
288367 2
88202 1
436932 2
265289 1
446244 1
230998 1
92835 1
495377 1
251624 1
431412 4
98743 3
106786 1
366652 2
461108 4
107474 1
439103 1
357219 1
5286 2
38384 4
68335 3
184535 1
351326 1
191537 1
123758 1
461612 2
56054 1
21546 3
438839 2
285444 1
94414 3
146976 3
337261 4
415337 2
447509 3
473796 4
493362 3
218465 1
370422 3
323996 1
123015 4
476646 1
194649 1
492375 3
471189 3
265285 1
155130 1
105115 1
420667 2
400683 1
282900 1
490630 2
314862 3
422634 3
473712 2
466670 2
432284 3
479127 3
245175 1
415232 3
49882 3
453998 1
250929 1
414165 2
132239 4
154110 3
341934 2
479811 2
482565 2
166090 3
480548 4
441411 3
481409 4
291666 1
234072 1
53406 3
424052 3
419616 3
357820 1
491389 1
435666 2
343613 1
153375 1
11347 1
81859 4
230235 1
116358 3
365783 3
373209 1
371331 4
374574 1
311658 3
235840 2
191532 1
252378 2
427882 1
383492 1
22292 4
85165 1
58251 3
432020 1
385925 2
191851 2
119907 1
230034 1
267155 4
58629 1
138427 1
69924 3
46449 3
450967 3
93009 1
202163 1
483980 1
391986 1
492272 2
475086 2
398380 1
451117 3
295955 1
458423 4
112719 3
447374 4
465159 3
347825 4
115830 1
368877 4
459811 1
308095 4
63845 3
495259 1
185899 3
3290 3
376298 4
384574 1
259983 1
206203 2
356014 4
161141 1
79691 3
224798 4
485304 4
492074 2
435731 4
308493 1
490306 1
342403 1
478900 2
478573 1
272605 3
199273 2
97843 2
342347 2
460121 3
492423 2
258477 1
484477 1
436656 3
354799 2
489180 2
23893 3
482487 3
453732 2
434084 1
427068 2
468903 1
156741 1
450549 4
449086 1
474799 1
207202 1
166018 2
47973 4
262581 2
242940 1
123738 3
430827 3
275706 3
113910 1
407046 1
467735 1
440008 2
466296 2
355532 1
153324 2
474781 3
451518 1
450975 4
394390 4
245371 3
272501 1
71784 1
38544 1
359208 3
130840 1
84827 3
481518 2
90650 3
420816 3
41147 4
421073 3
88473 3
432029 2
227401 1
7721 1
488045 1
441417 3
415151 3
420785 3
474606 1
267878 1
297913 1
427837 4
489528 3
373218 2
390284 4
42880 1
327214 3
278165 2
53085 1
106937 2
322502 1
467842 4
98106 4
407604 3
170594 1
173497 1
218747 1
165404 4
242425 1
433775 4
473817 1
470150 1
433458 3
130901 1
351043 1
31827 4
407978 1
275133 3
475804 2
367134 1
33419 4
497114 1
108203 2
473044 2
491317 4
153006 1
226925 2
426808 1
456477 3
171514 2
470941 1
411968 1
242079 1
222326 3
440644 3
321287 1
453933 2
471872 1
177664 2
41897 1
159441 1
482343 3
486834 3
53889 1
440992 3
282496 2
25206 1
416387 3
390747 2
160993 1
182641 1
192011 4
63093 1
455700 4
80539 2
385972 2
63271 1
306518 1
488015 4
222382 1
453533 2
33919 1
98307 1
6713 1
328363 1
443736 3
162269 1
235122 1
15905 3
408060 3
314210 2
93092 1
296050 2
452877 1
211500 2
406358 2
420791 3
314148 3
179398 1
428321 3
210814 1
315131 1
132437 2
452938 3
342354 3
425991 3
490900 1
484661 4
110016 2
477387 3
490530 1
359791 3
75884 1
398055 3
36731 3
436404 3
185338 3
109931 3
218552 1
47109 2
155767 2
338824 2
293093 1
242382 1
111719 3
470453 1
326632 4
497605 1
150765 1
62611 1
408434 4
361169 1
492015 2
389062 4
488920 3
424395 2
144154 1
441236 1
495704 3
490736 2
439815 1
461105 4
298806 1
444511 4
167977 1
169123 2
478789 3
420055 3
383231 3
430208 1
484463 4
115518 1
418450 1
414984 1
472875 3
10860 1
466444 2
271615 1
490859 4
476867 2
74013 1
282906 1
73921 2
494791 3
274590 3
93813 1
488866 4
138086 2
214697 2
443221 3
389410 3
360545 3
478563 2
398624 3
173329 2
453376 3
262707 3
324433 3
342331 3
338820 3
421432 2
495033 1
163914 1
274484 3
93089 1
291346 1
264258 4
383769 3
474628 3
337785 1
168082 4
450442 1
212132 4
217136 1
464273 3
1966 2
334052 4
3329 1
53645 1
359690 1
444118 1
358781 1
412023 3
261872 1
187524 2
195524 1
480764 2
208870 2
170294 3
390262 2
124136 1
495817 1
140682 1
470898 1
167016 1
466811 1
457648 4
230743 4
429243 3
397750 3
229205 1
162161 4
487877 4
201662 1
480591 3
449654 4
435717 1
441217 3
159518 3
179676 2
437544 3
138665 1
234425 4
423004 1
279767 1
439562 3
149885 4
319449 1
278866 4
455907 3
417317 4
496174 3
193216 1
79479 1
496620 2
486934 4
83273 1
360554 2
38901 2
302786 2
479869 4
443246 4
310353 1
200110 2
337484 4
487211 1
308908 1
216696 4
263525 3
1289 1
436408 4
488539 1
441738 1
464228 2
367679 1
153987 2
419294 1
481946 2
166562 1
202089 1
409067 4
440642 3
192860 4
6778 1
445681 4
293695 1
475623 1
256414 3
466856 2
459416 2
478001 4
433136 2
199828 1
357683 1
442302 2
40926 4
149992 3
495601 1
493515 4
288078 1
436624 1
280340 2
445407 2
311646 4
441980 1
434170 4
497291 1
334196 4
69214 3
431183 3
387814 3
163700 1
449579 2
493899 3
120942 3
444305 2
103815 1
369010 3
441565 2
27979 3
406849 1
362190 1
303438 2
87934 1
469188 1
469199 3
481950 3
433391 4
448651 1
303448 4
294796 2
491713 3
118747 1
81385 2
572 3
421429 1
171742 1
440371 3
326625 3
479843 3
485264 1
266618 1
429419 3
446484 4
357754 4
411401 2
433880 1
267894 2
381924 1
492121 4
108216 4
425527 4
277610 1
64165 1
416479 1
12066 4
54746 4
253881 3
10003 4
62170 1
371891 2
255820 1
318550 2
481965 2
467458 2
494480 4
319394 2
198136 1
253212 1
492661 2
107242 4
99640 1
467992 1
447380 2
29765 2
442262 3
190253 3
474796 1
457556 2
496608 3
251376 1
85208 3
444601 4
272408 3
120276 1
200155 2
468156 1
417338 4
476653 1
479203 4
317164 2
59553 1
329851 3
432380 3
379509 2
440893 4
97585 3
438074 3
250131 1
230250 1
431064 3
476279 3
424392 1
199336 1
494492 2
452397 4
360551 4
490546 1
248621 2
334957 3
483417 4
417903 1
412809 3
326136 1
159443 1
447755 3
226234 3
152570 1
1920 1
444119 1
249574 3
418839 2
479616 1
432175 4
241814 1
242484 1
2931 3
287521 4
401798 1
123823 2
391456 1
200373 3
233049 2
478043 1
18396 1
287774 1
353540 2
351058 1
146951 4
167203 4
380832 1
191733 1
258180 4
494794 3
110346 1
154880 2
461021 2
466171 3
476914 3
218846 4
11449 2
443171 3
121530 1
252845 1
392794 1
251174 4
412429 1
132264 1
480526 3
167018 1
266643 2
445041 4
488527 3
460735 1
463799 1
483185 3
225795 1
462146 3
485658 4
2391 1
487329 4
247750 1
355924 4
313603 2
206709 1
478289 1
14503 2
452764 1
486647 2
347166 1
479747 3
493279 4
1413 3
267147 3
296568 2
477458 3
414866 3
102409 1
241812 2
420804 1
477928 3
427957 1
480607 3
427748 3
217880 2
457712 3
487748 1
191454 1
102585 1
312918 1
190434 2
426052 1
429886 1
300591 2
296055 3
137099 1
405588 4
83062 3
188193 3
124647 3
361166 2
10235 4
231883 1
52352 2
262443 1
213867 1
164737 3
434224 4
113298 2
356886 1
447741 3
421765 1
13414 2
57219 3
336446 1
22482 1
1287 1
430346 3
420700 3
307466 2
98489 3
469934 3
434426 2
220823 1
460718 3
425618 4
486104 3
271551 2
460827 3
106304 2
244322 1
414913 3
285238 2
452552 3
257413 1
446161 2
401179 3
479120 3
490510 1
154091 1
444296 1
467979 1
497130 1
12512 1
211643 1
414498 2
194624 2
197866 3
380635 1
465689 3
385951 3
469390 4
454601 3
123790 3
41522 1
216761 1
455121 2
168444 3
213897 1
368823 3
325694 4
426952 3
448250 3
146868 2
444271 3
35189 1
429999 3
258455 1
365387 3
277881 1
373211 1
463342 2
484031 1
145230 2
468629 3
396823 1
331025 3
267361 4
241325 1
435921 1
267190 2
394804 1
279492 1
243581 1
329825 2
423702 2
387792 3
486950 1
396764 1
430384 1
281002 1
420990 3
4147 3
232944 1
31995 1
117511 1
474729 2
401643 2
191461 3
177874 3
270599 1
480887 1
177844 1
129350 4
486139 4
497770 1
274953 4
242421 4
343812 3
34522 2
272311 1
148347 1
127440 1
470588 1
73916 1
474360 3
476665 3
494618 4
253496 1
458053 1
463767 1
111659 4
466168 2
423953 2
401346 1
63221 4
447795 4
402833 3
15195 1
80940 1
160055 1
14006 1
452993 1
470031 2
136356 2
470170 1
246134 2
468662 1
498173 2
175654 1
244874 1
453980 4
124547 1
470357 4
434753 2
255953 3
340563 1
64740 3
170679 4
42958 2
188347 1
432195 3
11809 1
372923 2
438429 2
415153 3
145575 1
76628 1
16019 1
180776 2
442082 2
421071 3
260224 1
438108 2
476081 3
157486 1
367990 1
128414 1
391531 3
173588 4
140200 1
222700 1
99428 1
80561 2
55319 1
159453 1
193323 2
438098 2
327262 1
469939 3
84670 3
151371 1
429126 3
230087 2
488602 2
422794 1
476669 2
398720 3
407741 1
116477 2
368193 3
31832 2
484700 2
484464 4
42048 1
497602 1
145572 2
297409 3
27903 4
448389 2
434936 4
262532 1
124253 2
295957 3
444404 2
461900 1
409888 1
258749 1
75104 2
241850 2
434739 2
469072 2
424233 3
494528 2
89607 4
496670 2
473519 1
335419 3
50555 2
421308 3
464855 3
180982 3
313085 2
415791 1
423771 4
209559 3
322450 4
127768 4
137681 3
344604 3
398493 1
494722 2
34763 2
287080 3
423959 3
77156 4
41006 1
366828 2
22527 1
447095 1
439144 2
410995 1
419604 2
62929 4
101802 2
45699 4
20677 1
109302 1
473101 3
432204 4
211633 3
28751 2
39580 1
8542 1
474655 2
195897 3
404723 2
188560 1
478796 3
156986 4
133003 1
383678 1
476652 2
262948 1
247149 1
82936 2
466276 1
84371 1
458629 3
115888 1
389999 2
399155 1
84384 1
355885 1
41497 2
279493 1
190044 1
435405 2
423516 2
3250 3
461763 1
167139 1
303439 4
179153 3
208867 4
424744 3
169176 1
408709 1
448506 1
403111 1
479813 1
405530 1
142716 2
60863 1
469144 1
479736 3
281430 1
82564 1
125551 2
469713 2
473247 2
428571 3
481067 3
488577 3
102012 4
117206 1
369355 4
385484 2
82914 4
437851 1
437827 4
366087 4
421350 1
288930 3
289399 4
166311 2
223028 3
290613 1
410508 1
167837 1
427178 3
496593 1
99704 4
287390 1
199778 2
379514 3
1266 1
200807 1
470740 4
46633 1
224624 3
303735 1
432205 1
41656 1
388806 1
128580 4
419314 3
289740 3
478390 1
427434 3
455330 3
479790 4
273191 2
67800 4
239610 1
46315 1
60022 2
376569 1
310834 4
473663 3
418724 4
433507 2
497654 3
179467 1
309630 1
120588 3
316704 1
155941 1
108112 1
99328 1
469191 4
450589 4
335167 4
180884 4
33178 2
469644 3
58201 2
196810 2
427428 3
257746 1
404492 1
445192 3
443291 3
448617 2
342396 3
423792 1
430836 3
98187 4
81167 3
372710 3
456481 3
221658 4
439617 3
464935 2
338803 1
276648 4
283792 1
361773 3
86224 1
188566 1
469789 2
8347 2
151373 1
226128 4
442852 4
156956 2
81044 3
124896 1
111765 1
163715 3
452322 2
453464 1
497364 2
177175 3
482489 2
46488 4
318938 1
469001 1
171750 3
334071 1
491908 3
479683 1
436946 1
470054 3
480626 1
437837 4
449464 4
483188 3
415110 4
232169 1
456473 3
369623 1
479608 1
436407 4
432197 3
389194 2
185882 1
448708 3
478560 1
479178 3
353921 3
173735 2
4162 4
55554 1
339364 4
357377 2
172298 1
39544 4
244570 2
447751 3
493613 1
206286 1
179487 4
491081 3
64841 2
135655 3
40934 1
176774 3
269430 4
57294 1
420449 3
426078 2
64700 1
104376 3
482833 2
476783 1
161560 3
300018 1
436863 1
188166 1
210897 3
262736 1
443253 3
323408 1
491614 1
413100 3
418570 2
432384 4
468819 3
252148 1
222899 1
473671 1
354252 1
442030 2
472797 1
415001 2
230238 1
307445 1
143387 1
205434 2
2802 1
97765 1
280075 1
92499 4
411474 3
429678 2
148757 2
78010 1
85216 4
469819 1
487766 1
480820 1
18422 1
129715 2
311773 1
330118 1
385503 4
27955 1
469751 3
273244 1
254079 1
318844 2
459606 2
54273 4
244895 1
380074 1
337722 1
382698 2
481585 1
338770 4
208965 1
481655 1
164144 1
307974 3
109878 1
116461 1
55255 4
407874 3
106921 1
112418 2
136726 3
153873 1
453473 2
327804 2
169594 2
393350 3
388384 3
107644 4
423658 1
316803 1
317820 1
495273 3
9362 1
493836 1
421423 1
358248 3
156942 4
234281 1
469755 3
46301 4
50424 2
488849 2
433000 4
479503 3
422884 4
45013 1
33974 2
298878 3
472520 3
478914 3
94732 1
461073 4
485075 3
183830 1
355351 4
374459 1
258221 1
445480 2
98407 2
240094 2
261193 4
63513 2
83317 2
481628 2
5954 2
449755 1
481129 3
199001 4
408582 3
127451 1
420559 3
360454 3
115736 1
43614 1
323412 1
461899 2
110913 3
145724 4
208061 1
385980 1
156222 1
25399 1
190059 1
295938 1
413815 1
151438 1
167148 1
313910 1
456336 2
438058 3
370725 3
422875 2
84218 2
394842 4
326503 4
479978 3
118812 1
406105 3
222887 1
486682 1
490167 2
174966 2
491802 3
161158 3
153884 1
444387 1
465299 1
14633 4
449662 3
453734 2
194417 3
333751 1
496011 1
484298 2
280890 2
333356 3
99765 2
456613 1
34693 1
27685 1
281437 1
23796 3
123742 2
166019 2
355982 3
497569 2
273705 4
473635 3
284691 1
318351 1
450475 3
126515 1
419614 3
480619 3
180600 1
147648 2
391071 2
82676 2
278115 4
448616 1
411621 4
463758 1
356891 3
373928 3
210813 1
491982 1
408066 3
53292 1
21839 3
358932 1
144844 4
471612 3
481156 1
161010 1
490164 4
59283 1
369478 1
161163 1
491264 1
463776 2
223182 2
141913 1
408327 3
22189 1
321821 2
326619 3
63383 4
449713 1
405587 1
483668 2
411375 1
166565 3
302092 2
74416 1
251746 4
446126 2
478767 2
431115 4
224500 2
273702 1
336933 1
364068 3
145234 1
433007 2
259984 2
340323 1
452556 4
158525 2
110897 1
1253 2
82935 4
477794 2
302790 1
466766 3
368715 2
161717 2
44867 1
5145 4
350781 2
160028 1
37700 3
485723 1
360552 4
306465 3
167002 1
349210 1
450509 3
146863 3
478663 4
421774 1
306499 1
438413 3
189987 2
433457 3
38535 1
280679 4
33063 3
355988 4
434724 1
76094 1
483578 4
188466 2
334506 4
302240 4
430860 4
160901 2
82931 1
482270 3
291922 2
480227 4
469938 3
415925 3
139897 2
484811 4
413739 4
390280 4
252983 2
453607 4
166535 3
46249 3
132008 3
264260 1
183128 4
267506 1
105737 2
85169 1
175651 1
1243 3
439554 3
107256 2
442566 1
269576 2
484391 1
191727 1
459957 3
494575 1
347525 3
494627 3
451564 2
313255 3
313428 3
484488 1
414967 3
242037 3
230629 2
87928 2
288526 2
26383 1
376076 2
477694 3
163780 2
206001 1
44812 4
268958 4
373894 1
442465 1
446541 2
373422 1
458273 2
238536 1
158658 1
173056 4
272738 1
134587 4
130205 3
95417 3
246441 1
47302 1
309138 3
244812 1
447863 2
474919 3
173838 1
411673 2
393677 2
445682 3
461336 2
421799 1
141887 3
9193 1
25248 3
424966 4
260492 2
489425 4
44259 1
162319 1
176870 1
432016 4
437437 2
174035 1
129595 1
434509 3
399146 1
168256 4
173533 1
218034 3
455098 2
55294 3
153836 1
238989 3
43 1
88587 4
234321 3
226042 2
158785 1
493003 1
255813 1
484183 3
108003 1
246839 4
450619 1
214939 4
203876 3
26149 1
454841 2
435844 1
245168 1
148911 2
438169 4
374282 3
467858 4
475581 2
491162 3
348509 2
490241 1
136118 1
473241 2
177436 1
353090 4
382803 1
101226 3
183478 1
469750 4
75240 1
495938 3
45012 1
38159 1
109333 2
399816 1
465350 4
458111 3
46341 4
439756 1
239639 3
125595 4
98241 2
413740 4
484470 3
437049 2
40244 1
434336 2
324452 2
27646 1
34354 1
483490 3
387808 3
92471 1
329849 2
492850 3
286003 3
470049 3
312274 2
73547 3
137242 1
265286 1
462661 3
381293 2
153294 2
9103 1
11540 3
494624 3
450921 3
233401 3
293692 1
439732 3
487366 2
41700 1
465355 3
221239 1
432246 3
246429 1
438355 4
155338 1
483267 3
432776 1
374114 3
283309 3
298047 1
100832 1
78607 1
95180 3
15674 1
61302 1
474717 1
377004 1
298823 3
335842 3
33653 3
479172 1
398464 1
406569 3
405535 1
428343 3
112802 4
217306 4
275574 3
408904 2
67232 1
273016 2
242473 3
460761 3
120885 1
365755 4
419755 2
33420 2
436374 3
418784 1
209437 4
432239 3
437416 2
460819 3
461779 1
479326 3
206490 1
470044 3
82670 1
422922 3
103895 1
491605 1
489312 2
458614 2
407962 3
485173 1
135431 3
438535 3
143821 4
230258 4
486336 1
132645 1
464434 3
115516 1
417385 3
144102 1
1384 1
157471 1
465690 1
497495 1
240527 1
432746 2
42963 3
275014 4
413885 4
136358 2
214653 1
433004 4
133052 1
87266 1
250162 2
123805 4
497062 4
213856 1
422199 4
275270 4
422899 3
461505 3
364887 1
467144 2
489075 3
237695 1
463096 2
320910 2
200656 4
404473 1
213955 2
459523 1
424510 3
543 4
417830 1
404854 1
467161 1
421564 1
239767 1
408816 3
195896 4
458653 1
465703 1
115178 1
466487 1
219877 3
376599 4
382932 2
27786 4
476277 3
479118 1
471550 1
176081 1
222743 4
26910 1
342374 4
354900 2
244299 2
394381 1
154883 1
84532 3
37106 1
415235 3
416411 3
344837 2
114247 4
452715 1
459967 1
3899 1
420640 2
391471 1
385570 2
107330 1
112563 1
133760 2
177024 3
456118 3
109789 1
297202 2
127738 1
354437 1
171128 1
472914 1
133919 4
490625 3
169908 1
242747 2
308404 1
415718 4
314847 4
143745 1
317438 3
471752 1
427749 1
46979 1
244973 3
436615 4
439623 1
416115 1
497710 2
196635 1
28726 1
295329 1
422863 2
471162 2
440364 4
106088 1
207009 2
472977 3
485527 2
450680 3
335951 1
24769 3
443166 3
85363 1
467180 1
30631 1
461850 4
472879 1
311312 1
423681 3
323249 2
40275 1
481984 1
436109 1
466673 3
63012 2
469322 3
467732 2
260504 4
481389 2
119606 1
201126 3
148078 4
195415 1
96841 3
92773 2
478911 3
490895 2
278893 4
447022 2
496937 2
38886 1
135202 1
483664 1
175542 4
435110 2
200108 4
439683 1
492804 1
405337 1
416389 3
146909 4
156913 1
44707 1
101615 1
437686 2
403242 2
120295 3
16997 2
387420 3
124146 4
316688 1
34953 4
172608 3
477220 1
483459 2
479304 1
25687 1
326217 3
398506 4
490604 4
425867 3
213802 1
241680 1
209881 2
395944 3
403918 4
285839 3
478184 2
427452 3
153026 1
294807 1
436393 4
420704 3
143454 2
432203 3
491078 3
402025 1
433021 4
479168 2
470073 1
178771 1
452360 2
314657 3
113493 1
308362 1
460705 3
463601 2
483411 1
351875 2
424865 4
196161 2
490615 3
474562 1
491571 4
155149 1
496967 2
61598 2
493944 4
237777 4
15779 1
190015 2
284605 2
113497 1
475087 1
89868 1
480024 3
483260 1
230098 4
148229 1
287497 4
435619 1
157777 1
294417 1
82299 1
327279 1
446051 1
408073 3
468625 3
483171 3
47412 1
310059 2
461583 3
470346 4
494879 2
478846 2
169755 1
457589 2
276279 3
480121 2
246242 2
491721 3
463229 3
473289 1
426976 4
466922 1
419619 3
12507 1
474454 1
447956 1
385930 1
492963 1
336724 3
484527 3
69487 2
178929 4
497011 2
240613 1
266387 1
78567 2
473524 4
158111 1
492528 3
350372 1
242162 1
433509 4
193947 4
74112 1
157022 2
265451 3
467269 3
361076 2
497505 1
48487 1
179405 1
435590 4
334265 4
296201 4
462392 1
443293 3
401646 1
267850 4
338331 1
461115 1
246240 1
312348 3
222907 1
450561 3
96249 1
417471 1
100854 1
323480 4
335502 1
170173 4
288128 1
179424 1
492430 1
430601 2
355912 4
429411 2
480524 3
449999 3
49250 3
100733 1
125677 1
461640 4
419704 2
58897 2
370968 4
402967 3
227498 2
39563 2
456846 1
368187 3
440086 1
244384 1
465289 1
81158 2
40938 1
407387 1
166077 1
477255 4
98275 1
41577 2
483020 1
495755 4
336534 4
458937 1
490166 2
199380 1
491060 1
224257 3
393872 2
69596 1
478421 3
230518 4
396678 2
113119 1
455624 4
473864 2
338360 2
485072 3
286268 1
180911 4
368348 2
450782 2
463542 2
380534 1
357773 2
488272 2
333274 1
137679 2
105278 2
282914 1
315168 1
312259 1
429831 2
201422 3
320965 2
446221 4
461563 4
453785 2
348660 4
287828 2
124560 1
326660 3
174621 2
217294 1
488174 2
103361 1
493552 3
420719 2
491685 2
138418 1
458807 3
3338 2
434897 3
59518 1
54756 3
484478 4
164367 3
434931 2
34263 4
261930 1
457370 3
289292 3
446347 2
237266 1
467749 3
196024 1
409447 3
153605 1
465710 3
361436 1
127751 1
124145 1
33426 3
208881 4
81457 1
325628 1
348868 1
133416 1
476206 1
343855 3
497059 4
102358 4
53094 1
472673 4
150844 2
387828 3
118082 1
411710 1
483665 3
480017 3
492881 1
452567 3
340215 1
289171 4
404556 1
475565 3
227681 3
22426 1
433014 4
208802 1
32854 2
486276 1
77781 1
411567 1
491860 3
494645 3
493367 3
413613 2
428048 1
335521 2
389116 3
438046 3
56915 1
407946 2
358267 1
437872 3
210805 1
462612 2
473273 4
474533 3
95286 3
488516 1
192074 2
416491 2
427182 3
464854 3
157951 3
497024 3
310537 1
478632 4
420010 1
308593 2
412801 2
8751 1
85759 2
481979 1
166165 1
117141 1
320755 1
483673 3
482233 1
206499 2
209136 3
487551 4
299903 1
335050 3
289204 4
276653 1
335345 1
112974 1
478793 3
147642 1
469246 3
20744 2
472526 4
202477 1
143721 1
55526 1
394669 1
347395 1
483202 1
439135 3
414282 4
398668 1
27627 4
336007 2
439241 1
5497 1
296194 3
250408 3
80794 2
496055 2
258400 2
486838 2
494448 1
129572 1
214825 1
460831 3
427443 3
284898 3
322544 1
414989 1
496596 2
265287 1
37172 1
470706 1
143722 1
128618 4
476833 3
479121 3
422306 1
15703 1
124147 2
470091 3
202121 1
33911 1
88521 1
62713 1
167013 1
446027 1
421414 1
448511 2
461120 2
60012 3
211353 1
218754 3
285400 2
232813 2
131797 2
255818 2
475051 1
308120 2
142703 2
218554 1
489140 1
135621 1
13325 1
20498 1
187820 1
159999 1
239387 4
179012 2
486549 4
473331 3
417462 1
154777 3
391473 1
367689 2
163943 4
159449 1
461858 1
101678 1
86050 1
118236 1
373779 4
201839 2
78146 3
495242 2
12469 3
207006 1
363633 1
481686 1
156927 2
322161 1
458272 3
460356 2
185889 1
428372 4
397843 1
330574 3
123819 2
468665 1
86207 1
475512 4
364470 1
369547 1
411476 3
253561 3
211856 1
477224 1
459992 3
111978 2
282898 3
56744 1
53815 1
112653 3
78027 2
496389 3
480438 3
286372 3
98762 2
432895 4
465675 1
420565 1
283784 1
83909 3
293197 1
76829 2
53295 1
62951 2
33634 1
182451 3
426533 3
171751 4
57381 2
492577 2
362967 4
454038 1
125221 3
255989 2
303270 2
461123 3
494785 1
341927 2
430694 1
224184 3
245937 3
413921 1
422796 4
202349 2
268467 1
376678 1
483635 1
296759 1
364686 2
346170 3
485526 2
462841 4
296196 4
372869 3
228820 1
479489 4
484443 2
440471 1
150576 1
420793 3
436057 2
295036 1
464205 4
441355 2
431873 1
492608 3
467700 1
481130 2
386216 3
404532 3
313430 3
357336 1
315360 4
424398 2
474101 2
83698 1
490260 4
138645 3
306071 1
154393 1
448175 3
495814 1
63874 3
252718 3
470354 2
58209 3
290610 1
440983 1
285469 1
256230 1
489262 2
478921 3
411076 1
467818 3
325266 3
439920 3
482497 1
438446 1
448410 2
226379 4
82053 1
396160 2
407129 3
417536 1
30992 1
3365 1
131346 1
348573 1
296195 2
403479 1
242045 2
466145 4
462139 1
491586 1
462660 2
443732 3
416085 2
488958 3
447744 3
385967 2
486222 3
307426 1
225408 2
160194 2
390851 4
472185 1
471675 4
427075 2
440174 1
234988 1
210793 1
484414 3
33515 3
247209 2
125844 3
479744 3
410982 1
472772 2
256821 3
6710 2
205441 1
475455 4
149849 1
8687 2
116049 3
427960 3
387675 3
463182 2
276566 1
157428 2
487413 4
386310 1
232209 2
361150 4
420563 3
343572 3
491755 2
443510 1
490891 1
162038 3
430842 3
338769 3
244025 1
379314 2
267321 3
489095 2
227601 2
454141 3
462980 2
116996 4
431777 1
311693 1
64470 2
65713 1
456033 3
491551 2
311299 2
420787 3
458029 1
89002 1
76200 1
131344 1
488533 1
100850 1
456153 1
224511 2
211173 2
319987 4
479739 1
270627 1
112798 1
478201 3
475553 1
80233 1
318023 3
485338 2
46502 1
306164 1
455754 2
491692 2
457587 3
445875 1
41037 4
356785 4
373288 2
131660 1
474282 2
46667 1
494335 4
279720 1
32335 1
489998 4
443289 4
203600 2
330026 1
491436 3
229900 3
53275 1
330952 1
41601 1
175535 1
285148 3
428015 1
134956 1
443173 3
404542 4
413812 1
132040 3
480766 4
129581 1
364900 3
436384 3
438061 2
210059 4
85756 1
333741 4
468623 3
468742 2
470952 1
310752 1
278119 3
156987 2
483403 1
175646 1
347029 1
348869 3
270023 4
94755 2
45015 1
304551 1
76895 3
206098 1
170682 1
466420 3
412857 2
491088 1
443295 1
290028 1
417031 3
480822 4
239699 4
440638 3
167174 2
205969 1
184529 1
342336 3
39486 1
482603 3
483189 3
208256 1
485519 2
445802 1
406493 2
199609 3
230971 1
70296 1
53203 1
156164 1
483671 3
10323 1
307535 4
267394 2
359969 1
484648 1
217605 1
123845 1
368916 1
444123 2
449535 2
469619 1
420564 3
82834 1
459861 3
143962 1
251758 2
467183 2
259401 4
482415 2
285482 1
392093 4
356185 2
332307 2
40925 1
299549 1
451931 3
89967 4
401929 1
84823 3
84687 1
351327 4
37824 2
344091 1
247351 4
475421 1
36060 1
428397 1
153846 1
481484 1
468414 2
412926 4
78356 1
167091 4
106934 1
419728 3
197671 1
206718 1
414431 1
368528 2
154042 2
323209 2
184080 1
464849 3
217453 4
421223 1
492539 3
367948 4
461580 1
39657 1
465351 3
487575 1
307568 3
56930 1
177524 3
455682 1
278116 2
462838 4
459069 1
171029 1
309546 4
184927 3
439604 4
442227 3
439618 2
70716 3
139738 4
187872 1
191399 1
384060 2
128893 1
195865 1
474293 2
238522 4
257196 1
259331 1
88353 3
33093 3
50792 2
274875 1
443168 3
81661 2
21549 3
490979 1
133403 2
367246 4
453010 3
45005 3
317678 4
427435 3
441275 3
156978 4
44649 2
270964 1
443150 4
425847 4
487199 2
470425 3
396191 1
486219 4
105291 3
47039 1
283547 3
119898 1
462227 1
247810 2
485517 4
64310 1
421251 1
485954 1
475935 1
270368 2
491719 3
268727 2
162351 3
410435 1
415642 1
190646 3
434100 2
395782 4
245173 1
482030 2
254230 3
57130 3
390201 1
424244 2
489014 1
215929 1
439547 3
311476 4
420595 3
308173 1
414283 3
368466 3
161549 3
335076 4
37095 1
436414 3
368872 2
158057 2
477616 3
33451 3
270108 1
33916 1
44638 3
376600 4
247751 4
414243 1
100015 1
437064 3
254187 4
369370 2
387998 4
465880 1
191057 4
82135 3
167493 3
103921 3
487257 2
467367 2
420957 1
381504 2
2631 4
17262 1
278628 1
427183 3
389296 2
334272 1
462207 3
62056 2
424613 2
467661 2
99635 1
491875 2
450225 3
427512 1
454513 1
130835 1
310853 1
190023 1
270095 4
425521 4
141881 1
153905 1
461537 4
441373 2
479672 3
337293 4
237663 1
146171 2
146968 4
481542 3
373204 2
272723 4
258050 3
483993 2
74284 2
346031 4
306517 1
491782 1
473659 1
490101 4
175675 2
427043 1
83047 4
88131 4
144094 1
378962 4
444885 3
165227 1
481221 1
462837 1
484847 4
487537 3
411070 3
133323 3
7048 2
435196 2
372283 1
180016 1
494278 4
478460 4
288700 1
37765 1
124546 1
401936 3
146964 3
148586 1
83711 2
248819 2
265713 4
224057 1
450030 4
7708 2
148355 2
386286 4
130418 1
349592 1
471927 3
69768 1
461579 2
387093 1
401416 3
455939 4
251957 1
47818 3
305342 1
124696 4
473509 1
355745 1
476149 4
418857 3
231933 3
308204 1
370657 3
422557 3
46107 1
407340 4
468097 2
388231 3
447757 3
167154 1
291532 1
480998 2
434468 2
494322 1
125765 1
452891 4
447765 1
435746 3
416167 3
139911 1
21899 1
270311 1
147475 1
342343 3
33912 1
124553 1
426754 3
113501 2
491281 1
303592 1
130783 2
247219 3
318431 1
487944 4
173220 4
21933 1
470782 3
477611 2
319818 3
61326 1
97794 4
22290 4
481510 2
373418 4
484852 4
496099 1
423482 1
261394 1
412169 3
217621 2
382781 1
403166 1
441550 1
452940 2
487016 2
102127 1
336521 3
89131 1
442026 1
167011 1
43048 2
338830 2
422802 2
153027 1
480122 3
444199 4
440354 3
75669 4
215732 2
491020 1
270571 4
444435 2
479142 3
105214 1
284601 1
466159 3
348906 4
470325 3
449525 4
358151 1
407672 3
53029 2
275828 1
203601 1
138600 4
283891 3
488637 3
185669 2
488918 2
253258 2
392092 1
412788 2
495321 1
218749 3
460723 3
439079 1
419279 1
62014 4
387428 3
478600 3
133290 1
373748 4
415453 1
469471 1
4 1
212498 4
489802 3
424561 3
373215 2
490513 1
407720 2
81555 4
367456 1
419716 3
396405 4
355999 4
176718 3
438530 3
408958 3
434230 4
145630 2
177937 3
443938 4
283519 2
419430 3
468081 1
407585 4
356089 3
161554 4
435039 1
400405 3
405595 2
488800 2
476909 3
316808 2
161631 1
491896 2
168690 3
436981 3
416090 3
494315 1
466189 2
456465 2
306171 1
488853 2
230109 1
123005 1
430569 4
186478 1
433098 3
487717 2
486283 3
35961 1
424390 1
89135 1
412593 4
257377 2
292830 3
172029 1
252291 1
113562 1
125127 2
204987 1
356000 4
91297 1
108011 2
483083 3
415096 1
469649 2
155847 1
37118 1
437074 3
129568 3
229192 1
430012 2
184469 2
362961 3
60979 3
443731 3
288879 4
209042 1
313503 4
356019 3
424587 1
212051 2
444333 2
470396 1
466164 3
412600 2
464974 4
12272 1
121335 1
453924 4
143844 2
373290 1
183650 3
488367 1
454026 2
256378 3
333214 3
213492 1
169751 1
366136 3
150581 3
216703 1
379407 1
439608 1
39356 1
491053 2
102435 4
125814 4
444300 2
493247 4
370986 3
123749 3
478207 4
373888 2
89803 1
293332 1
473408 3
416509 3
486100 2
489533 3
457814 1
323968 3
421312 3
235780 3
360521 1
57735 1
482805 2
77150 4
144155 1
439548 3
289693 3
228119 3
437124 3
468803 3
95483 2
461953 4
486440 1
276179 1
30991 1
438653 1
62661 3
85022 1
461289 2
70332 2
62468 1
342411 1
27297 1
362691 4
204842 1
22526 1
200070 1
334087 1
230757 1
116470 1
431812 4
492812 1
242424 1
56134 3
443727 3
98579 4
289384 1
463532 3
357622 1
275754 3
481517 1
398742 3
108132 1
459668 3
266957 4
456597 2
333108 4
151242 2
114539 1
473512 1
438410 3
235783 4
79500 2
487768 1
460357 4
40009 1
157834 1
496722 2
153028 1
477646 1
249381 1
270920 2
165581 1
474630 4
261681 2
106933 1
163727 3
341867 2
124764 2
15111 1
459868 2
481089 1
444834 1
496387 1
437624 1
247798 4
257874 2
461670 1
228341 1
392091 2
145122 2
347079 2
419821 4
489527 3
352046 1
9361 1
443175 3
162343 3
411472 3
418660 3
411385 4
285442 1
161851 2
165574 1
458028 1
189535 4
452365 3
128503 3
438545 3
407860 2
307870 1
20722 1
479131 2
161982 3
135593 1
397656 3
8449 1
481894 1
223990 4
443300 1
417211 3
258220 3
481046 3
445404 1
99263 1
465353 3
152505 3
468622 3
493621 3
398630 2
464378 2
275944 2
33142 4
235186 1
472688 3
108306 3
469300 4
342716 1
492069 1
460824 1
192103 1
295205 2
346735 4
124830 3
405547 1
407559 3
451875 1
114853 3
443092 3
166048 1
482232 1
462695 1
340617 3
486639 4
468780 3
48426 2
490914 4
107484 1
271757 1
316811 1
53814 1
205324 1
19793 1
268377 3
80220 2
247341 2
140239 1
413738 3
439928 3
347239 1
430818 2
489426 3
430838 3
205206 4
483107 3
482543 3
355954 4
24532 1
382763 1
103010 3
492001 1
296282 1
166233 4
441598 4
253196 1
86917 4
459989 3
468713 3
43554 2
113509 1
326213 3
371314 3
420612 2
494245 1
303301 1
157013 4
353567 3
297063 2
418790 3
21659 1
401877 1
316816 2
41563 4
5654 4
468938 2
84182 2
382832 2
84422 1
321772 2
215933 3
78917 1
428065 3
492885 1
103642 3
465696 3
354348 2
202629 2
98839 2
427445 3
427805 1
140488 1
292412 1
478139 3
433011 4
137417 1
32002 2
53000 2
478446 1
451411 1
117632 1
288537 1
477634 1
328675 1
495744 1
149203 4
493797 4
130470 2
452011 1
196182 1
124912 3
479982 3
98293 1
96816 3
430837 3
77139 3
88460 1
495993 3
473238 3
435046 2
486035 4
434008 2
1448 1
477613 3
374658 1
478006 2
126339 2
495160 2
308425 3
273613 2
134033 1
357228 1
293331 1
59984 2
249917 2
153378 1
82555 1
260218 3
409511 4
333456 4
384219 2
470865 3
479844 3
355978 3
205101 3
141773 1
349689 1
166911 4
265069 1
163835 1
99266 1
298610 2
79778 1
255241 1
176533 3
383431 1
431813 3
186994 1
8595 1
405068 1
433784 2
255903 1
487367 4
449505 1
365400 3
150927 4
443163 3
481057 1
490536 2
269215 1
460717 3
460829 4
480340 1
62993 1
374196 2
428369 3
311236 1
285427 2
468659 1
18427 4
86590 1
91845 1
363558 1
452302 2
480816 1
75831 1
482228 2
497560 1
200153 1
493974 3
486042 1
143825 2
483457 4
470459 3
213422 1
438318 4
374105 3
465744 3
439997 2
154406 1
443562 3
399953 1
14267 1
126039 1
248667 3
474549 4
224066 4
496589 2
379366 1
98219 3
422206 2
458872 3
452227 4
486079 3
37738 2
280680 2
482198 4
425492 4
450092 1
143715 2
185462 1
446569 1
109412 1
294391 1
398502 1
410308 1
194385 3
38810 1
385950 1
454316 1
55204 1
478579 1
484465 2
478568 1
451781 4
452849 1
155779 1
117626 1
154074 1
20821 1
349627 1
488445 4
84573 1
430875 1
465586 3
221038 4
112210 2
468056 3
246752 4
422940 3
418422 2
230260 1
492692 4
123045 3
214937 1
440977 3
231775 2
341931 2
420229 3
373223 2
251972 1
172742 1
140138 3
70678 1
420151 1
433467 3
391469 2
185967 1
488978 2
200815 1
457837 2
321533 1
457903 3
480258 1
239728 2
466706 3
358066 1
431905 2
453627 3
495449 1
426769 1
468627 3
91004 3
257962 3
143354 1
140688 1
461328 3
232539 3
82881 2
468645 1
411073 1
55045 1
472660 1
362738 2
283564 2
256013 1
192466 3
436379 3
35823 1
164834 3
254743 2
161286 1
54980 4
484930 1
450757 4
110021 1
154369 1
494002 3
112085 1
123839 2
487628 1
490800 1
63780 2
210868 2
474029 2
484334 1
152832 2
233596 3
5169 3
253514 1
309483 3
466515 1
68067 3
194506 2
245898 1
443162 3
478180 1
240540 1
11389 1
427442 3
251752 3
433996 1
115778 1
496332 3
29486 1
13160 1
491968 3
155777 1
468836 2
10465 4
154480 4
315098 1
431717 1
442832 1
95439 3
429909 1
425366 2
107225 1
2119 4
296065 2
494321 2
300287 1
179407 1
440457 3
485402 1
422463 3
1863 2
450961 1
462878 1
485217 4
462449 1
274636 4
171560 1
492917 1
413811 2
411080 3
443157 4
487325 1
324522 4
200019 1
442124 2
59434 1
112438 4
317797 1
249680 1
45261 1
491669 3
391117 1
433496 3
369289 3
446847 1
341699 3
243437 3
308172 1
43427 1
496509 1
487639 1
219359 1
11628 3
326623 3
235677 2
484715 1
64556 3
33761 4
311644 3
412521 3
82569 1
469756 3
291710 3
443120 1
338951 3
136011 1
29245 1
249546 1
427169 3
185708 1
310797 1
39537 1
477710 4
385470 3
444521 2
444274 3
79463 1
496182 4
39010 1
472518 3
158575 3
83725 2
178924 1
449585 1
426556 2
453600 4
95819 1
262257 1
483138 2
421769 2
37337 3
50897 2
389950 2
128900 1
406930 1
468762 1
476838 3
487709 1
429889 1
456852 3
297061 2
168617 3
305006 2
474801 2
434944 4
154076 1
490732 1
12599 1
272154 2
397865 1
418902 1
432241 3
357874 1
48022 1
23929 1
44552 1
2512 2
53585 1
12417 1
190069 1
352063 2
182577 1
158417 2
398727 3
64104 3
228894 1
313240 2
212321 1
126825 2
49978 4
15023 1
497653 3
467054 2
405583 1
77730 1
72542 1
460331 2
10272 4
156877 1
155168 2
480034 3
351809 1
14089 2
476680 3
478735 1
191125 4
376776 3
478559 3
289873 3
395722 3
190038 1
379527 3
446196 2
46930 3
321793 1
402434 1
321084 1
206148 4
386745 1
157016 2
491906 3
338387 4
396154 1
89846 1
89585 1
438847 2
445194 3
430035 3
441158 4
288945 1
473252 3
324116 1
81513 3
151444 1
272220 1
293283 2
431243 1
271616 2
229919 4
355993 4
195848 1
7865 1
218144 4
38192 2
411533 1
430821 4
381478 2
395803 2
491717 3
197605 1
465409 2
68229 2
173802 1
41650 1
227682 1
421271 2
75850 2
86098 1
445996 1
249545 4
307868 4
481559 1
135836 2
80578 1
334202 1
436652 2
250544 3
477067 2
120837 2
432202 3
286968 4
141513 2
482237 2
489905 2
484118 2
240040 1
438323 3
461327 2
175897 3
348507 2
451016 4
206829 3
150929 2
251938 1
436405 4
494793 3
363466 3
475975 3
105325 4
453602 3
474683 3
174293 2
494620 3
420805 3
419115 2
365712 3
194466 4
461891 3
147429 1
224331 2
2788 1
396293 1
470218 2
376664 2
96793 2
386905 2
463520 1
488069 1
176186 1
54226 3
419041 3
97488 2
488856 1
121259 1
382926 3
62912 1
456475 3
383012 1
152944 2
415917 3
11859 3
350786 1
268855 4
167835 1
261099 1
231943 1
257311 1
407125 3
154363 1
470028 2
93802 1
61080 1
37674 3
159197 1
453369 3
451263 1
260502 2
162666 3
170397 1
460563 1
108205 1
244908 1
247175 1
149311 1
481068 3
361430 1
50373 3
414281 3
54359 4
100420 1
275998 4
4146 4
46806 3
329974 1
483649 1
484870 4
286382 4
258958 1
154373 1
465700 4
232901 1
482822 1
468023 1
373292 2
81026 4
119847 1
328946 4
59698 1
399176 4
480653 1
175537 2
114356 1
180018 1
60901 3
495031 4
205615 4
427699 1
426126 4
394224 1
175182 2
87955 1
88093 2
147366 1
46676 1
145274 1
362235 3
485512 2
286248 1
222171 1
311648 3
262099 4
405940 1
357751 1
208610 1
461626 4
414742 2
425919 4
366501 1
448885 1
83377 1
254056 1
345115 3
24492 1
380258 1
491386 1
469501 2
470212 2
413592 4
488959 4
311752 4
346290 3
8122 1
354802 2
336257 1
64849 3
284541 1
78699 1
383744 1
213704 1
251756 2
307086 4
19163 4
433373 1
478786 3
427433 3
213217 4
455079 1
451396 4
116496 2
487440 4
8134 1
415101 1
482315 1
490664 4
465693 3
312334 3
432825 1
203447 4
260241 1
384074 1
83712 1
1522 1
472530 2
86510 3
138546 1
69598 1
485729 2
342743 1
461888 3
364857 3
362845 3
63764 1
470725 4
271736 3
415525 1
460482 1
145545 3
227586 3
379604 4
430992 4
92824 2
444450 2
486055 2
429908 1
433468 3
313962 1
477896 2
345596 4
62544 1
219181 1
393885 2
38025 4
164601 1
475250 3
153395 1
377184 4
29339 2
210011 4
284563 1
364445 1
179848 1
132566 1
483676 3
209109 1
156932 2
176300 3
361255 1
223192 3
495117 1
167486 1
141750 1
330017 1
333295 2
479808 3
294672 1
330760 1
6296 1
475550 1
226651 3
356246 4
190420 3
186950 1
497491 3
334320 4
390278 2
276661 3
103908 4
20097 2
480531 2
164933 1
392045 1
195798 4
488604 2
406462 2
184523 1
293494 3
283306 1
467194 1
289285 4
110813 2
74545 1
299 3
466156 3
472265 3
300655 1
480557 3
437721 2
429838 4
373844 4
436391 3
223115 1
283920 2
38189 1
254820 1
349641 3
437866 3
447575 3
489334 1
309754 2
327276 1
199347 1
410342 3
447631 3
475280 2
490099 3
431553 2
67765 1
6586 4
202761 1
169410 1
154870 1
476832 2
319472 2
27648 2
163710 4
363365 1
113508 1
73938 1
21914 4
408069 3
399099 3
345694 2
142640 1
467487 1
301443 3
155965 1
257198 1
163708 2
438633 3
293482 3
411078 1
379335 2
213366 4
135201 1
433626 1
497029 1
358568 1
409450 2
373596 2
479128 3
244177 3
300251 1
296674 1
245626 3
191721 3
450556 3
54487 1
34697 1
230141 2
185741 1
490621 3
279786 3
79084 2
108819 3
451791 4
272546 3
454388 2
484447 1
100020 1
53884 3
482409 4
228847 1
278117 2
315762 2
408058 3
315362 3
457958 1
158323 2
239595 3
263474 1
350244 2
138245 1
496854 3
130083 2
241987 1
464430 3
467560 1
454049 4
130948 4
274787 3
7662 1
394918 3
245872 4
129696 4
40342 1
297917 1
372286 1
304039 1
419719 3
124633 1
159298 3
468776 1
276818 3
138888 4
303656 3
340493 3
79465 1
492810 1
427094 2
453605 4
293333 2
401369 1
79259 1
194070 3
227956 3
298984 3
483418 2
57204 1
257716 1
482666 4
398478 3
406793 3
154843 2
338510 2
93821 1
223661 3
360825 1
60237 2
485083 3
252873 1
177482 1
281340 1
457809 3
161208 3
300043 2
490636 3
239947 1
486024 4
439499 2
79189 3
482614 1
456853 3
494799 3
33044 3
331569 4
36771 1
305228 3
4155 2
242451 2
74551 2
141682 2
473743 3
487177 3
146315 3
415910 3
154771 4
276281 3
330346 3
481599 1
133004 1
438574 2
163739 2
430897 1
385181 4
485032 1
272578 1
345301 4
275942 4
360941 2
470034 2
361714 1
468500 1
298368 4
281351 1
232565 4
479276 1
62626 1
290094 1
413934 3
437061 2
424562 3
120683 2
88132 1
394569 3
341860 1
212212 4
8496 1
424231 3
70717 4
427067 1
457108 3
408015 1
485484 2
115361 1
444352 3
393962 2
419615 3
1244 1
88510 1
473282 3
21039 3
493865 1
239578 3
159491 1
153367 3
184547 3
144150 1
462653 3
461130 2
154770 4
225383 4
474429 1
415918 3
304485 1
116797 4
430652 1
477921 1
320202 2
465786 1
487356 2
404967 4
412119 3
360036 1
420057 3
342319 3
137524 4
387793 3
157023 3
425626 4
488235 1
13932 1
179064 1
492985 2
400992 1
218305 2
47739 1
354986 3
248557 2
148343 1
439557 3
86205 3
424769 3
449716 4
298609 1
410423 3
271608 1
373283 1
332320 1
355888 4
279362 1
448324 2
454854 3
408942 3
485079 3
456480 3
483183 3
435601 2
351190 2
350872 1
375074 4
467190 3
201975 1
496931 1
23932 1
490077 4
404537 3
490885 4
98234 3
447812 1
83128 4
24432 1
338978 2
322312 4
473175 1
332392 4
486524 2
473529 3
453914 2
136495 1
369443 2
388374 3
153868 1
422941 4
449091 1
432979 3
61609 3
168562 2
388815 2
200467 2
340976 4
47110 4
274603 2
160199 1
75386 2
342378 3
263083 1
269204 1
376789 2
413186 1
482141 1
474183 1
83311 4
475154 1
476877 3
182218 2
461441 4
230118 1
428374 3
357097 2
32079 3
483553 2
297879 1
43306 4
34819 1
471943 1
321377 2
7346 1
380347 2
382801 1
170568 1
40318 1
35107 2
436926 4
425503 3
454360 1
429934 1
171077 1
353966 1
369639 2
373886 1
308980 1
360458 1
487371 3
462656 4
470951 1
490515 4
462647 1
399912 3
461104 4
265296 2
208814 1
319819 1
447258 2
131491 4
201128 3
480665 1
38140 1
6926 1
33045 1
201118 4
378794 1
417348 1
81753 3
282865 4
189472 3
258394 4
398737 3
158744 1
261615 1
137526 2
406498 2
481844 1
84705 1
330307 1
459812 2
493271 3
427437 4
355269 1
476901 2
62172 4
182551 1
85194 3
240303 1
490608 4
96965 1
357066 3
302387 3
319859 1
471859 1
459686 2
166915 3
396196 4
16143 1
204070 1
56043 2
204592 1
480019 3
211495 2
156334 3
453003 3
71083 3
433005 4
175648 3
183475 4
458054 1
124994 2
402857 1
488263 2
21924 2
486876 4
237204 4
482671 1
206565 1
422181 4
411801 2
253498 1
65768 3
465694 4
425982 3
408699 3
282923 1
452361 3
4639 3
251969 1
287859 1
145621 2
90520 1
258907 4
398384 1
492753 1
115331 1
476723 1
496852 1
13840 1
361019 2
483662 3
447006 1
430003 3
387070 1
256526 1
393655 2
119881 1
9062 2
465914 1
485593 1
264304 1
242214 1
479355 3
158826 4
89625 4
216681 3
98563 3
283139 3
494949 3
230197 1
214700 2
42235 2
436634 3
218491 1
41104 3
430623 3
495326 3
448799 1
284639 1
36463 1
391166 4
488599 1
128563 1
63443 3
116467 1
207019 2
230101 4
365401 3
221280 1
89694 2
150083 1
362268 3
423727 1
411672 2
131927 1
136883 2
149255 4
251432 1
424406 2
453810 1
463936 1
285460 1
112049 1
162390 1
320972 2
480532 3
474924 1
480842 4
129000 3
78394 1
41431 3
225967 2
57360 1
331940 3
22501 1
162633 2
484423 3
307215 1
453728 3
469462 4
152818 1
177483 1
443290 4
416211 2
86707 2
330730 3
468018 4
396765 1
141777 1
243576 1
330472 1
59148 3
167460 1
125441 1
373201 4
402698 3
215021 4
437870 3
439555 3
436410 3
146974 4
175676 2
427440 3
282493 1
359490 2
424401 2
25417 1
158918 2
482483 1
151765 1
45281 1
33567 1
209883 4
257210 3
347408 1
460071 3
393176 1
268926 3
155295 1
343343 3
327449 2
369736 1
481635 1
487596 1
416512 2
452336 4
123806 4
111518 3
437875 3
363472 1
182457 3
445240 1
38409 3
118621 1
486063 3
276563 1
442122 2
463539 2
466483 1
418400 3
400587 3
298001 3
199391 1
492650 2
469149 1
440053 4
156907 2
204847 4
303824 4
458176 2
590 3
417062 3
364576 1
441619 2
476711 1
210328 2
76731 3
37961 1
138878 1
73703 4
106800 3
287084 1
8880 1
127744 1
271599 1
203836 1
444403 1
28452 1
254846 2
56854 1
484283 3
265896 2
208907 1
441421 2
489422 2
124530 4
497878 1
369479 2
355535 3
438414 3
434966 2
263651 2
415596 4
417985 3
479565 1
341930 2
27615 3
175722 2
451785 3
82652 1
445662 2
497039 1
269098 1
461440 4
291233 1
471218 1
447149 2
194796 1
412819 1
419626 3
247 2
458263 3
426634 1
443167 3
355942 2
405596 2
389445 3
422748 1
408815 4
489576 4
442276 3
123780 3
21069 1
497253 2
412585 3
128654 3
295968 3
46497 1
370798 1
337504 1
224267 4
250944 2
481817 2
361495 1
31037 2
125487 1
470047 2
51482 1
452067 2
427985 2
28434 1
485598 1
254207 2
3642 4
28657 1
447667 4
444115 2
161349 1
385123 1
201138 2
425499 4
374573 1
253192 1
438439 1
1819 2
192515 1
8969 1
41003 4
172580 3
430938 1
102228 3
481644 4
17266 1
8738 2
123803 2
490599 4
452335 2
92131 1
419618 3
284970 1
420788 3
476651 2
412875 2
491439 3
60227 3
358752 2
407109 1
479674 3
479327 4
428494 1
408061 3
385245 1
298187 4
117106 2
165001 3
457122 4
474809 1
291304 1
115550 1
345076 2
437979 1
163180 3
62747 2
419044 3
374731 3
115700 2
493169 1
82011 1
113338 2
289133 1
124551 1
463367 1
369761 1
208659 1
205104 1
210716 3
227333 3
41146 3
472181 1
493942 1
468812 3
317185 2
188456 1
208866 1
452332 2
239356 2
411465 4
289279 3
497757 1
481989 3
322465 3
17731 3
457696 2
425851 3
412148 4
464629 3
27066 2
462301 1
308627 1
462654 1
208644 1
152788 1
312913 2
452014 4
317764 1
135268 1
178960 4
303674 2
17188 1
248655 1
476667 2
172144 1
84562 1
289481 1
432017 1
237541 1
536 3
476535 2
493050 2
485080 3
392046 2
491872 3
57932 3
495224 1
386228 3
362594 4
441221 3
107243 4
356857 1
473433 3
474109 1
479788 3
453430 2
469723 2
182492 4
285152 4
36750 1
414368 2
209127 2
144148 1
260626 1
164708 2
58904 1
368782 1
105863 1
281162 4
139873 1
420204 1
484184 4
170602 1
182998 1
287708 1
432243 3
210069 1
478083 1
14295 2
109861 4
443725 3
209534 1
491928 1
306743 1
360821 1
493118 1
448121 3
459850 3
389411 3
87090 1
217751 1
158424 4
2855 1
275127 3
488722 4
108909 1
190427 1
97762 2
473701 3
427071 3
284618 1
98268 2
77608 1
493830 1
454395 2
473432 1
27047 2
165121 4
464224 4
60042 3
401286 2
31565 3
141865 2
23761 2
355975 3
45016 4
417308 1
405216 2
494129 2
100417 1
408963 3
168008 4
238084 1
319606 1
295964 4
345611 1
418064 3
274512 1
436381 4
386718 3
483115 4
281825 1
378362 1
50430 1
317450 1
309284 2
317424 1
131591 3
299828 3
57863 1
468663 2
228604 1
401659 1
465553 1
295960 1
453468 1
341837 4
451790 4
149159 1
437111 1
13814 2
447813 1
454596 1
379232 3
103878 1
24265 1
491937 3
256248 4
103650 1
402944 3
218734 1
326153 1
224753 1
427458 1
453851 1
497823 2
16375 1
467697 1
468030 2
188282 1
285593 2
359511 1
210179 3
14801 3
481479 1
385631 1
449016 1
479406 2
326179 1
85374 1
38551 1
418288 2
58781 2
81121 3
48115 4
13179 1
91196 1
485521 4
121735 1
479130 3
136140 1
54272 2
107240 3
421235 1
367088 4
236834 1
491778 1
471424 4
433465 3
435615 2
39656 1
431557 1
122998 1
251181 1
40495 4
415466 3
175558 2
469033 4
399839 1
24062 1
262766 4
352607 1
429442 3
460820 3
340099 1
140691 1
427730 3
436628 3
410040 1
490359 3
41891 1
373286 2
441422 2
153871 1
179281 4
150167 1
412821 1
474470 3
496444 1
278459 1
248491 2
336529 4
85643 1
431768 4
483187 3
470395 3
88840 4
186574 1
386168 4
214114 1
478893 3
250384 2
107482 3
79275 1
23215 1
217060 1
64550 1
179078 4
123196 1
319961 1
195438 1
46380 3
93817 1
80622 1
436006 3
236382 1
416548 1
21927 1
484000 1
322785 1
476330 2
76112 1
59780 2
83696 1
468664 3
363294 3
59027 4
322264 1
72621 2
98199 2
438430 1
362737 3
135810 3
483538 2
177853 2
227321 1
64758 3
390370 4
164772 1
369377 3
108207 4
336079 1
389969 2
404973 1
228182 1
104949 2
310340 3
354800 2
358362 1
442388 4
481771 1
156966 4
288908 1
198973 1
124519 2
422987 4
453008 3
469040 1
433991 1
150770 1
194463 1
262285 2
75433 1
155239 1
340544 4
100016 2
385473 3
8108 2
286326 4
350722 1
243966 3
86223 1
218753 4
348928 1
447870 3
420685 3
4464 4
464852 2
162146 4
419833 2
20552 4
47082 2
232566 2
145252 2
259698 3
426755 3
495368 1
481770 1
246811 2
235479 3
473515 3
146975 4
419713 3
478931 1
411082 2
116482 1
488934 1
497969 1
460825 1
473172 4
36091 4
427750 2
419714 1
422424 4
478149 3
134678 1
490282 2
76021 1
248676 1
103545 1
491870 3
231028 1
172068 1
262157 3
113179 3
486760 1
46093 1
433578 3
200149 1
81164 1
249351 2
171744 2
121257 4
338835 2
406099 1
420266 1
2826 1
467065 1
456349 2
459990 3
258470 3
310192 3
75861 2
389753 2
460847 3
316517 3
226313 3
398530 3
52939 1
252329 4
85270 1
157869 4
68442 4
486436 1
126850 3
342348 3
150913 4
344542 2
134287 1
490119 2
276565 2
451532 2
226464 2
237242 1
480697 1
137557 4
420786 1
450931 4
364655 1
334192 3
491722 3
256306 1
396503 1
47824 2
81007 2
461112 3
438072 1
413930 1
68592 1
471181 3
444117 1
381081 1
3036 1
67072 1
64426 2
289488 3
50750 4
321498 1
320962 3
479215 2
144052 1
174077 1
427570 3
68162 2
44217 2
82866 4
83234 1
202611 4
464207 2
166529 1
64730 2
297053 1
435331 2
118279 3
375876 1
387211 2
442133 3
277900 2
282910 1
340243 1
200643 1
473023 1
418067 3
135274 2
180969 2
73951 1
58628 1
449553 2
126881 1
10633 1
205778 1
402734 3
478603 2
128895 1
161808 3
199571 2
119208 3
325117 1
241287 2
470046 3
95989 1
493441 1
97373 1
479309 4
377006 1
147986 1
249121 3
381351 1
192086 3
474685 2
56833 4
485956 1
78705 1
309619 1
14051 1
429913 1
337172 4
152694 2
412428 1
240915 3
158068 1
416973 2
140573 3
401661 4
454764 1
276256 1
141783 1
172058 1
27983 1
156961 4
132426 1
387823 3
235843 1
436403 3
440918 4
362739 3
320758 1
14292 1
484277 3
341745 3
459809 2
294410 2
476944 2
485077 2
357002 2
257790 4
470405 3
258475 3
274597 4
458930 2
286800 1
391253 1
483657 2
272438 1
28748 2
62249 3
247031 2
24281 1
444331 2
302950 2
452359 3
381302 1
218763 4
135622 1
39648 1
204633 1
141902 1
451823 2
461585 4
441467 4
454127 2
31038 1
432200 3
73941 2
274558 3
364710 1
190062 1
167664 1
178686 3
323151 2
495500 3
128397 4
20361 1
225273 4
495227 1
485481 1
296770 1
420797 1
150924 3
483253 3
415133 1
465881 1
389414 3
451964 4
96161 1
396851 3
213899 1
385061 3
469941 3
256900 4
473250 1
392276 4
83722 2
278579 3
64947 1
183968 1
432240 3
434488 3
442532 2
428066 3
479677 3
232514 1
286931 1
468672 3
373301 3
344007 3
154713 2
497985 2
420705 3
366912 1
195414 2
266715 4
329968 3
254064 1
413700 1
474367 3
27676 3
497275 1
482492 2
103809 2
123102 1
244530 3
289755 2
479785 3
444398 1
430715 3
16944 4
486256 1
484439 2
4142 4
13281 1
425620 3
382279 4
73940 3
482677 4
367604 4
275529 1
165155 1
239001 4
414817 3
376077 1
163940 4
19747 2
479850 3
358928 2
171827 1
380263 2
292553 4
83718 1
232012 3
458595 2
380825 3
222711 1
124556 1
435748 1
138413 1
334633 3
252304 1
496372 2
96227 1
126508 2
236546 3
439296 2
127491 1
74660 1
482661 3
45609 2
44532 2
406249 1
244528 1
13185 1
363098 3
374026 2
210800 3
231227 1
452038 4
392134 1
166679 1
366921 3
81767 1
20107 1
107332 3
81131 3
426097 1
100790 4
12619 1
8440 4
376590 2
217726 1
16256 1
194457 1
471465 3
94563 1
446052 1
416524 4
405676 1
325601 1
43575 1
231798 1
94367 1
493474 2
480814 3
38958 4
382838 1
483893 1
420302 1
94948 1
452996 3
373421 1
483720 2
406514 4
6277 2
284991 1
343818 1
117396 1
113495 1
433437 3
446083 4
474374 3
421481 1
475516 4
166303 1
161190 2
134788 1
446032 1
487874 3
478787 4
487185 4
59397 1
436747 4
458348 3
311046 1
435790 3
315293 4
464753 1
124323 2
486031 3
438152 3
275125 3
455635 3
305287 1
124138 2
471187 3
173861 1
276336 3
444408 1
395320 2
266448 1
453111 4
302805 2
259500 4
388393 1
230072 1
472251 3
295959 2
271150 1
407858 1
96853 3
473233 3
474432 3
343800 1
430810 1
447338 2
235803 4
425607 3
124141 2
296139 3
478832 1
388770 1
326040 1
477860 4
478791 3
278684 1
420053 3
416100 2
266093 1
294805 1
60048 1
476632 1
278453 2
443170 3
478913 4
326003 2
456842 4
313232 1
490721 2
40739 1
139070 1
45222 1
249713 1
477654 2
214567 1
341623 1
475272 1
177667 1
134206 2
481242 1
169435 1
254930 3
383185 4
46695 1
342191 4
152848 1
425813 1
115192 3
491378 3
48007 1
416212 2
446687 3
447563 1
496048 3
380017 3
430733 3
401382 1
141770 1
63778 2
311758 4
484462 1
495120 1
252482 3
248315 3
479588 1
222084 3
415916 3
351144 3
433476 3
449518 4
107369 1
253402 1
412118 3
482453 4
293393 1
81657 1
425257 2
486481 3
146940 4
461955 3
480559 2
497858 1
337701 4
491736 1
472884 4
421637 1
461375 1
473995 2
406591 1
425253 3
43202 1
438573 1
123539 2
113253 1
459807 2
76704 3
440778 4
177185 1
372073 1
14709 2
50616 2
245665 2
54844 1
487750 1
86501 4
366131 3
295941 2
263124 4
264902 4
395211 3
326629 3
39745 1
477066 4
179118 4
458422 3
492578 3
320887 3
261033 1
480018 3
485999 2
327216 3
91560 1
251177 2
481820 3
453598 2
448489 4
494625 3
246003 2
483708 2
101097 1
470851 3
318206 4
471922 1
184528 1
485810 3
484938 1
267708 2
22146 1
278122 2
218014 1
254220 1
497683 2
492039 1
297023 1
441740 4
293584 1
101095 1
248571 1
126139 1
179128 1
48351 1
333138 1
444177 1
493895 3
463638 1
386595 4
420958 1
306236 4
469552 2
48442 1
479803 1
99537 1
93876 2
69609 1
439116 1
447287 3
492182 2
486491 2
115872 4
447384 3
428626 3
392154 1
480580 3
139198 4
334296 2
486826 2
130437 1
362750 1
83720 1
95436 1
167974 2
475943 1
337764 1
482814 3
68337 3
193304 1
232955 1
343544 1
414474 1
412616 3
112585 1
131691 3
46658 1
60779 3
124526 3
453004 3
325552 3
24476 2
34653 1
170601 1
477868 3
405276 2
391372 3
255484 3
117468 1
396766 1
108017 1
488767 4
492627 1
350317 3
367253 4
131778 2
449409 1
202977 1
312737 1
406559 1
414790 3
141790 1
189460 1
476829 3
376585 3
460747 3
405965 4
297933 1
388969 1
425846 3
13975 3
447291 4
266753 1
474587 3
419801 3
275186 1
481444 1
211644 1
147246 4
370875 2
145446 1
405662 4
231909 3
219957 1
464577 2
204989 3
96842 3
253522 1
430500 2
219700 3
289294 1
381681 2
108008 1
378072 1
490607 4
169091 1
220136 3
481804 1
352769 3
154871 1
405487 1
367655 1
427684 1
74119 4
475572 3
423608 4
364520 2
290937 1
84224 1
34847 1
251979 1
408332 1
19510 1
482989 4
479244 3
351519 2
422138 3
464509 2
473846 3
102785 4
493673 1
292702 1
367942 1
356848 1
104516 3
184850 2
461156 1
488488 1
494052 1
432946 1
466845 1
432826 1
496954 1
289850 1
296515 4
144013 1
135267 2
270385 1
412164 2
20708 1
468173 1
1801 1
497292 1
398723 3
154010 1
344667 3
97831 2
407476 1
480196 3
240937 1
256191 2
453798 3
61915 1
363554 2
357374 1
267188 1
432766 2
443169 3
1501 3
196373 3
492062 1
274591 3
426089 2
482090 2
264266 1
135627 1
44281 1
109261 2
98744 2
148263 2
95142 1
470631 1
166658 1
6588 3
469506 2
447543 3
4064 1
416542 3
190087 2
475501 3
399098 3
481528 3
470958 3
407342 4
443685 2
189464 1
472180 1
261250 2
402491 1
381304 1
183468 3
368755 3
173137 4
345989 1
426545 4
162802 1
465858 2
370085 1
431356 4
336694 4
96768 4
433161 2
481527 2
428349 3
428380 3
49701 1
406153 3
497752 1
164325 1
81153 3
33935 1
336175 2
285429 3
433617 2
359097 1
491654 3
439614 4
394495 1
496210 1
493309 1
468990 4
180339 3
462242 4
334611 3
453610 4
113778 3
214694 3
433782 4
179178 2
466382 2
473034 4
468839 2
480913 2
79651 1
239946 2
405964 1
394765 4
192595 1
242244 3
446948 3
448753 3
482009 3
406492 3
494028 3
60557 1
359675 1
438147 2
380917 3
8745 1
432965 3
473240 1
453670 2
113644 3
188462 3
422630 1
69752 1
348008 1
129132 1
365525 1
356326 3
345173 2
433462 3
400670 2
420701 3
468636 3
438319 2
495457 4
418094 2
52628 1
369156 1
289145 1
477691 3
469248 1
124524 2
272735 4
451385 3
291923 3
488578 4
61733 2
480923 1
406889 1
107706 3
190422 1
196278 4
130848 1
210857 1
8740 4
283147 3
445683 4
15334 1
446579 4
387353 3
377808 1
59448 1
35222 1
119860 1
377793 3
422372 2
466427 3
479277 1
289570 1
211732 1
354974 2
217881 4
469991 3
298425 3
162082 1
465149 2
444200 1
13687 1
493667 1
153009 1
179419 1
186892 1
416451 4
340746 1
286522 1
422911 4
191795 3
70550 1
198028 1
484653 1
466877 2
158569 1
102389 1
206720 1
120937 2
427982 4
468618 3
77445 1
494969 1
482022 4
450513 3
206517 1
193201 1
438782 4
310285 2
475866 1
237757 3
489796 3
406521 2
306982 1
270711 1
378796 2
344433 3
493568 3
46124 2
497552 1
467300 4
459196 4
471095 2
482352 1
156868 4
295946 2
274443 3
67339 1
87932 1
44119 3
403436 1
118817 1
204442 4
425360 1
72331 1
262454 2
261956 1
472457 1
203594 1
365114 3
383741 2
230240 1
130841 2
76638 1
493079 4
110943 4
182431 1
472171 2
70194 2
443174 3
390289 4
320991 3
479473 3
408899 1
373876 3
281643 3
130850 4
182179 1
210812 1
320948 3
417915 3
243287 1
80943 1
64458 3
418392 1
110028 1
419718 3
479137 3
392918 2
403374 4
451933 3
221107 3
318199 1
171048 3
306787 1
315235 3
42173 1
465263 2
86754 4
466161 3
471571 1
362705 1
227091 1
454919 2
484487 2
462693 1
386460 4
466425 3
4640 4
289878 1
451382 3
495194 2
113518 1
112484 1
110022 1
251697 1
307000 1
317462 3
466379 4
147432 1
151578 1
483157 3
473600 3
139888 4
362694 3
484190 1
428064 4
476666 1
177486 1
283366 3
398725 2
494917 1
180657 2
195819 1
146610 1
408062 3
329157 4
346035 2
439830 4
457723 1
169788 1
55057 1
45178 1
289494 1
451123 1
126561 1
255832 1
394434 2
34723 1
433909 2
164568 1
180153 1
33918 1
496245 1
139912 1
368663 1
265081 3
254991 1
123789 3
259218 2
439613 4
53232 4
200645 4
2916 4
433464 3
49800 1
496480 4
148413 2
94017 3
167979 1
485993 3
245261 3
6701 4
330680 2
103369 3
267374 1
430087 1
108903 1
496224 4
8495 1
191574 2
75878 1
397263 1
433044 3
436395 4
303215 3
495445 4
285248 2
358559 1
80949 2
90632 4
413562 4
153329 3
225041 2
357129 3
379747 1
360624 3
494797 2
113523 2
468666 1
277153 1
137335 1
4704 1
491859 4
240282 1
439553 3
107889 1
407923 2
284581 1
373203 3
127104 2
422438 4
409340 1
170841 1
441954 3
124558 1
123726 2
218669 3
355892 2
86968 1
494117 4
316707 2
326621 3
483488 3
331879 3
488548 3
431511 1
138438 1
107520 1
453922 1
289383 1
287606 2
72824 1
394401 3
153844 1
305441 1
246765 2
163415 3
172594 1
479471 4
124960 4
85531 3
132887 3
483814 1
473739 3
143896 2
352482 1
425363 4
96855 3
359391 3
280922 1
454403 3
292854 3
212957 4
75990 1
470920 1
268640 1
22439 2
445347 1
311356 1
141208 3
192066 1
434575 4
430433 4
425615 3
424515 1
375117 1
269041 3
8508 3
33179 2
123812 1
272425 1
137852 2
491716 3
259482 1
492262 1
475076 4
389418 3
354613 2
60018 1
276349 3
468815 3
35662 4
195306 3
473292 4
474925 3
474932 3
405963 1
380306 4
8742 1
367896 1
427508 2
41491 1
286643 2
416281 1
431914 3
429620 1
404395 4
45086 4
155402 2
389420 3
114330 1
138712 4
14218 2
437142 2
15690 4
242070 1
345938 3
453001 4
76177 1
121758 1
27673 2
433233 1
151123 3
10736 1
475862 3
431938 3
458518 3
235223 4
268256 1
172464 3
395437 1
128806 1
495236 2
350341 1
407917 3
495825 1
472045 1
333630 1
304663 1
443129 1
167035 1
495692 1
89629 4
100868 1
182489 3
483672 3
227624 3
119843 1
418072 3
482486 1
237550 1
491132 1
68209 1
150852 2
496886 2
101925 3
471684 4
424871 1
221806 1
467568 3
431727 1
478709 1
490533 2
220933 2
450682 4
344741 1
184870 1
414295 3
322303 1
40413 2
80259 1
134467 3
410846 3
200021 2
470752 4
385079 2
472263 3
480246 2
440723 2
452602 3
268300 1
466864 3
83207 1
49339 4
442797 3
131987 1
358217 3
283604 4
63790 2
1551 2
223626 1
412067 3
436380 4
234082 1
425255 3
492859 1
424533 4
246712 1
320229 2
85377 1
59557 1
258467 3
456637 1
44326 3
496117 1
457749 4
468660 2
7866 2
21646 3
370716 3
119683 3
437060 3
126884 1
486818 3
74282 1
439993 1
294612 3
227094 1
221312 4
145003 2
407557 4
495421 4
396734 4
384564 1
252240 2
152175 2
486828 3
468017 3
453616 4
408153 1
141771 1
241281 1
465164 3
126328 2
424970 4
162954 3
438137 1
407518 1
50420 1
240156 1
313476 1
128800 4
355416 3
460725 4
446499 1
439612 2
151618 1
493119 2
384596 3
78061 1
483663 3
214702 2
186882 1
479509 1
351149 1
255238 1
446006 4
85346 3
170883 3
209681 1
431063 2
192149 1
342418 3
26381 1
84855 1
44242 1
242469 1
283884 4
11292 3
476331 1
187383 3
238436 2
422755 3
258464 1
251994 4
495532 1
51578 1
445218 1
421072 3
392151 2
302946 1
444572 3
406500 2
37170 1
470136 1
471924 4
49755 1
497340 1
447851 4
417200 1
27654 4
359438 1
2109 4
73267 3
269266 3
97379 1
167017 1
192062 2
293337 1
335587 3
157027 3
164937 1
472001 1
425412 1
217889 4
466676 3
494577 1
216336 3
488425 1
47173 2
484459 4
130832 3
12516 1
208815 2
460763 3
150571 1
44369 3
60197 2
32817 1
421669 1
391861 1
421588 2
219469 1
354595 2
337472 4
103606 1
475570 4
494720 1
493875 2
469376 4
179717 1
400183 1
69333 1
355963 4
248083 2
272243 1
138338 2
191523 1
419114 4
114546 2
416471 1
447396 3
380662 2
282378 1
286520 2
193380 2
460757 3
399286 2
474052 2
411824 1
459559 3
247734 4
1904 1
436398 4
431767 1
441146 3
73985 1
164946 4
335566 1
153536 2
84770 2
440412 1
440406 2
225441 1
420794 3
484276 2
299558 2
420300 4
471456 4
215109 1
259534 1
419878 3
485905 1
215210 3
437890 1
201714 4
483913 4
200043 1
400039 1
454125 3
212875 3
124322 1
45653 1
102440 2
158353 4
297925 4
436913 1
216778 1
43645 3
401644 2
300178 1
495966 2
43399 1
124908 3
416398 3
431720 1
334716 1
410030 1
409474 1
278885 2
250304 1
467852 4
482268 1
6168 1
489663 4
475248 3
88368 2
305236 2
412158 2
365686 3
139172 2
496911 1
314482 3
63816 1
497337 1
230736 3
292408 4
494997 2
395833 3
157357 1
445152 4
129356 4
356063 4
477769 2
485479 2
376570 1
247280 1
17186 1
365405 3
116144 3
230081 4
409024 2
176862 1
1591 1
188304 2
173727 1
433994 1
405660 1
324795 1
71553 1
149988 2
101595 1
414285 3
162043 3
478590 1
433954 1
65602 1
303611 4
435087 1
475984 2
454479 1
442073 1
124784 1
382855 1
233786 1
332815 3
55466 1
466173 1
477721 3
130256 2
288938 3
461129 1
175732 2
461571 3
10433 1
397708 2
487372 2
382783 1
495761 2
277566 2
339709 2
118230 1
63770 1
171248 4
335569 1
379863 1
95409 3
207018 1
466832 2
466319 2
497008 1
157014 3
460754 3
136933 1
306181 1
74577 1
217878 1
452864 2
438437 1
219763 3
55119 3
459722 1
69458 1
420697 3
119852 1
445694 4
457578 4
32296 3
96835 1
171063 3
148895 1
420051 3
77596 3
492550 3
123813 4
45660 1
86544 1
404830 1
448014 1
437115 1
474370 3
93272 3
356999 1
416870 3
416487 1
300476 4
423030 3
357584 3
388674 3
370279 3
239597 1
458346 3
72312 4
14665 1
237932 2
487195 1
52774 3
176576 1
408064 3
418220 3
473530 2
343873 3
385989 1
193043 2
141775 1
144149 1
184201 1
434866 3
127028 1
169337 1
205122 1
445492 2
59571 1
450963 2
30326 1
430903 3
78915 1
320950 3
490156 2
424974 2
416014 4
314976 3
321824 2
54271 4
167012 1
260212 4
311452 1
12626 1
62006 1
15251 1
469758 3
455957 4
477934 1
468807 4
238424 3
371189 4
462887 4
12541 1
492700 2
468624 3
416392 3
432280 3
406468 2
482496 3
235175 1
31940 2
486474 3
254244 2
429514 1
478720 1
469790 2
492799 1
405649 1
112996 1
406819 2
417861 4
119867 1
117134 4
442888 3
497532 1
180962 1
184446 3
370008 3
242903 1
237779 3
495756 2
295862 1
300236 3
154090 1
196444 2
167168 4
305696 2
486553 4
464561 4
474038 4
159539 1
421579 1
434842 4
106087 1
380019 4
154211 1
367493 4
359695 3
421403 2
194336 1
420931 3
149909 3
244983 3
344021 3
270565 1
211455 1
3223 1
444122 3
431941 4
266990 3
428114 3
116272 2
204826 1
490612 3
232190 1
185733 1
109937 3
454045 1
329547 2
188572 1
474435 3
411075 1
225147 1
437905 3
47698 4
173870 1
